6 0.74296875 0.63046875 0.3953125 0.0234375
6 0.834375 0.51953125 0.209375 0.02265625
6 0.76015625 0.41015625 0.3546875 0.0296875
6 0.88046875 0.29765625 0.1171875 0.021875
6 0.86796875 0.190625 0.1453125 0.015625
7 0.5 0.95 0.884375 0.06640625
6 0.59921875 0.88203125 0.6484375 0.02734375
6 0.54453125 0.74921875 0.796875 0.08359375
2 0.50078125 0.63671875 0.884375 0.0375
2 0.50078125 0.5265625 0.884375 0.0375
2 0.50078125 0.41484375 0.884375 0.03984375
2 0.50078125 0.3046875 0.884375 0.0375
2 0.50078125 0.1984375 0.884375 0.03125
6 0.628125 0.071875 0.3921875 0.02109375
3 0.93125 0.07109375 0.040625 0.0234375