7 0.109375 0.06328125 0.196875 0.03125
4 0.5015625 0.065625 0.25625 0.034375
3 0.946875 0.0640625 0.059375 0.03359375
4 0.25625 0.88125 0.465625 0.2375
4 0.74296875 0.88125 0.4640625 0.2375
6 0.85234375 0.721875 0.221875 0.02578125
4 0.74296875 0.56796875 0.4640625 0.26171875
6 0.365625 0.71953125 0.2125 0.0203125
4 0.25625 0.56796875 0.465625 0.26171875
6 0.39609375 0.396875 0.153125 0.02265625
4 0.25625 0.24140625 0.465625 0.26171875
6 0.8921875 0.39375 0.146875 0.0203125
4 0.74296875 0.24140625 0.4640625 0.26171875