6 0.16953125 0.22890625 0.259375 0.0171875
7 0.49921875 0.60703125 0.865625 0.07734375
7 0.50078125 0.51953125 0.865625 0.078125
6 0.50078125 0.4296875 0.821875 0.04765625
6 0.4984375 0.35859375 0.703125 0.0609375
6 0.2109375 0.18125 0.3390625 0.028125
3 0.85078125 0.2 0.221875 0.12265625
3 0.915625 0.06875 0.05 0.02734375
4 0.8171875 0.06640625 0.0734375 0.03046875
6 0.5 0.06875 0.1453125 0.01484375
6 0.1 0.97421875 0.0609375 0.009375
6 0.29921875 0.975 0.09375 0.009375
6 0.49921875 0.97421875 0.109375 0.01015625
6 0.69921875 0.97421875 0.09375 0.01015625
6 0.9 0.975 0.0859375 0.009375
3 0.8984375 0.93828125 0.059375 0.03359375
3 0.69921875 0.93828125 0.059375 0.03359375
3 0.5 0.93828125 0.05625 0.0328125
3 0.3 0.93828125 0.059375 0.03359375
3 0.1 0.93828125 0.059375 0.03359375