3 0.92421875 0.88515625 0.1484375 0.0203125
3 0.54375 0.8515625 0.2125 0.01953125
3 0.13125 0.88515625 0.215625 0.0203125
6 0.146875 0.8359375 0.240625 0.05625
6 0.60703125 0.9 0.3390625 0.04765625
6 0.92421875 0.83359375 0.1484375 0.05234375
6 0.9234375 0.9171875 0.15 0.01484375
6 0.603125 0.8171875 0.325 0.015625
6 0.18984375 0.91796875 0.3328125 0.01640625
3 0.80234375 0.4875 0.215625 0.01953125
4 0.846875 0.284375 0.3046875 0.2109375
6 0.9203125 0.625 0.109375 0.015625
4 0.63125 0.72890625 0.390625 0.12890625
4 0.92421875 0.72890625 0.1484375 0.12890625
4 0.21953125 0.7296875 0.3890625 0.1296875
6 0.52578125 0.4875 0.2015625 0.01328125
6 0.846875 0.43828125 0.3046875 0.05546875
6 0.228125 0.6234375 0.3984375 0.03125
6 0.7984375 0.51875 0.203125 0.02265625
6 0.109375 0.51875 0.19375 0.02265625
3 0.1171875 0.48828125 0.215625 0.01953125
6 0.25078125 0.43828125 0.4796875 0.05546875
6 0.9203125 0.13984375 0.109375 0.015625
6 0.203125 0.13828125 0.35625 0.0296875
4 0.33671875 0.284375 0.6578125 0.2109375
6 0.1 0.99140625 0.0859375 0.01484375
6 0.29921875 0.99140625 0.0953125 0.0125
6 0.50078125 0.99140625 0.1078125 0.01484375
6 0.7 0.99140625 0.109375 0.01484375
6 0.9 0.99140625 0.075 0.0125
3 0.9 0.959375 0.053125 0.0296875
3 0.69921875 0.96015625 0.0734375 0.03125
3 0.50078125 0.959375 0.059375 0.0328125
3 0.29921875 0.959375 0.065625 0.03359375
3 0.09921875 0.959375 0.065625 0.0375
3 0.9390625 0.06796875 0.053125 0.0296875
3 0.81484375 0.06875 0.071875 0.0296875
6 0.15859375 0.0703125 0.134375 0.021875
3 0.06015625 0.06953125 0.0546875 0.0265625