6 0.6296875 0.0734375 0.2375 0.02578125
3 0.58203125 0.715625 0.0640625 0.03125
3 0.0921875 0.9046875 0.0625 0.03125
4 0.9328125 0.0703125 0.0875 0.05
3 0.059375 0.07109375 0.0515625 0.02421875
4 0.87734375 0.1953125 0.1375 0.07734375
4 0.64375 0.1953125 0.1375 0.07734375
3 0.41015625 0.1953125 0.1375 0.07734375
4 0.17734375 0.1953125 0.1375 0.07734375
3 0.87578125 0.94921875 0.0515625 0.02890625
3 0.61015625 0.9453125 0.0703125 0.03671875
3 0.37578125 0.9515625 0.0515625 0.0265625
3 0.12734375 0.95 0.0515625 0.02890625
6 0.12578125 0.98046875 0.1125 0.01953125
6 0.37734375 0.978125 0.06875 0.01484375
6 0.6265625 0.978125 0.184375 0.015625
6 0.875 0.978125 0.10625 0.01484375
6 0.87265625 0.35078125 0.1828125 0.02421875
6 0.1109375 0.35 0.0640625 0.01875
6 0.1765625 0.2796875 0.128125 0.03046875
6 0.409375 0.2796875 0.1671875 0.0125
6 0.64375 0.2796875 0.0671875 0.0125
6 0.87578125 0.2796875 0.1296875 0.0125
7 0.87578125 0.14296875 0.1046875 0.02890625
3 0.8015625 0.07109375 0.05 0.028125
3 0.04609375 0.34921875 0.021875 0.01875
2 0.4953125 0.07109375 0.71875 0.05546875
7 0.50078125 0.8390625 0.5234375 0.071875
4 0.74609375 0.5734375 0.459375 0.35625
4 0.7453125 0.846875 0.4578125 0.15078125
4 0.25546875 0.66015625 0.459375 0.52734375