6 0.8375 0.4 0.25 0.02421875
6 0.384375 0.39765625 0.175 0.01875
6 0.39296875 0.72265625 0.1609375 0.0203125
6 0.88125 0.72265625 0.1625 0.0203125
4 0.74296875 0.88203125 0.4640625 0.2328125
4 0.25625 0.88203125 0.465625 0.23359375
4 0.25625 0.57109375 0.465625 0.26171875
4 0.74296875 0.5703125 0.4640625 0.2625
4 0.25625 0.24453125 0.465625 0.26171875
4 0.74296875 0.24453125 0.4640625 0.26171875
3 0.946875 0.0640625 0.0609375 0.03515625
4 0.5015625 0.065625 0.25625 0.03515625
7 0.1109375 0.06328125 0.196875 0.03125