3 0.940625 0.07109375 0.0453125 0.028125
6 0.34921875 0.071875 0.34375 0.0234375
3 0.06796875 0.07109375 0.0390625 0.021875
6 0.240625 0.33359375 0.36875 0.01640625
6 0.17421875 0.36484375 0.234375 0.0203125
6 0.159375 0.396875 0.2046875 0.01875
6 0.1125 0.42890625 0.1140625 0.02109375
3 0.4359375 0.42734375 0.0109375 0.0203125
4 0.259375 0.21328125 0.44375 0.1875
3 0.43046875 0.1484375 0.053125 0.0265625
4 0.74140625 0.21328125 0.4453125 0.1875
3 0.9140625 0.1484375 0.05625 0.02734375
6 0.725 0.334375 0.371875 0.0171875
6 0.69453125 0.3625 0.309375 0.01640625
6 0.6640625 0.39609375 0.253125 0.01875
6 0.596875 0.4296875 0.1171875 0.0203125
3 0.91953125 0.42734375 0.0109375 0.0203125
6 0.253125 0.68984375 0.3921875 0.021875
6 0.17265625 0.71875 0.234375 0.021875
6 0.1203125 0.78359375 0.1265625 0.0203125
3 0.4359375 0.78203125 0.0109375 0.0203125
6 0.7390625 0.68984375 0.396875 0.021875
6 0.628125 0.71953125 0.1828125 0.02109375
6 0.6421875 0.7515625 0.2046875 0.0171875
6 0.6 0.78359375 0.121875 0.02109375
3 0.91875 0.78125 0.009375 0.01953125
4 0.25859375 0.56796875 0.4453125 0.18828125
4 0.740625 0.56796875 0.4453125 0.1890625
3 0.43203125 0.50234375 0.053125 0.0265625
3 0.91484375 0.50234375 0.0546875 0.02734375
4 0.740625 0.875 0.4453125 0.09453125
3 0.91484375 0.85703125 0.0546875 0.02734375
4 0.259375 0.875 0.446875 0.09453125
3 0.43203125 0.85703125 0.053125 0.0265625
6 0.09921875 0.978125 0.0875 0.0140625
6 0.3015625 0.97890625 0.1359375 0.0140625
6 0.49765625 0.978125 0.1046875 0.015625
6 0.69765625 0.978125 0.0546875 0.0140625
6 0.89765625 0.978125 0.065625 0.01484375
3 0.1 0.95 0.05 0.028125
3 0.29921875 0.94921875 0.0515625 0.02578125
3 0.49921875 0.95 0.0515625 0.02890625
3 0.6984375 0.94921875 0.05 0.03046875
3 0.896875 0.94921875 0.0546875 0.0296875