6 0.8078125 0.55078125 0.184375 0.01953125
6 0.7953125 0.44921875 0.215625 0.01953125
6 0.2734375 0.79296875 0.1453125 0.02109375
2 0.50078125 0.5578125 0.8265625 0.03515625
2 0.5 0.45625 0.825 0.03515625
6 0.50078125 0.20078125 0.8078125 0.0359375
6 0.5 0.375 0.0359375 0.01328125
6 0.5 0.715625 0.3921875 0.021875
6 0.590625 0.790625 0.4484375 0.01875
3 0.128125 0.10390625 0.1 0.05625
7 0.6921875 0.30078125 0.365625 0.06640625
7 0.309375 0.30078125 0.365625 0.06640625
7 0.5015625 0.64296875 0.278125 0.065625
3 0.1375 0.55703125 0.05625 0.02734375