6 0.503125 0.07109375 0.221875 0.02890625
6 0.5015625 0.18203125 0.609375 0.1
3 0.890625 0.2796875 0.028125 0.02421875
6 0.796875 0.2796875 0.09375 0.01484375
6 0.775 0.34921875 0.2 0.01484375
6 0.359375 0.34921875 0.190625 0.01484375
6 0.82265625 0.42734375 0.1046875 0.01484375
6 0.7796875 0.50546875 0.190625 0.01484375
6 0.5765625 0.57578125 0.453125 0.01953125
7 0.50078125 0.6625 0.921875 0.08203125
2 0.5 0.50546875 0.80625 0.06484375
2 0.5015625 0.42734375 0.80625 0.06484375
2 0.290625 0.34921875 0.384375 0.06484375
2 0.7109375 0.34921875 0.384375 0.06484375
5 0.50078125 0.46875 0.921875 0.46875