6 0.89765625 0.978125 0.065625 0.01484375
3 0.89609375 0.94921875 0.05625 0.0296875
6 0.09609375 0.0734375 0.1109375 0.0234375
6 0.1390625 0.14453125 0.2203125 0.0203125
6 0.39375 0.14375 0.171875 0.02109375
4 0.49921875 0.4484375 0.29375 0.190625
6 0.49921875 0.603125 0.7296875 0.0296875
6 0.5 0.64921875 0.3671875 0.02578125
7 0.49921875 0.73046875 0.5515625 0.071875
3 0.09921875 0.94921875 0.0515625 0.02890625
3 0.3 0.95 0.05 0.0265625
3 0.49921875 0.94921875 0.0515625 0.02890625
3 0.69921875 0.94921875 0.0515625 0.03046875
6 0.10078125 0.97890625 0.0875 0.0140625
6 0.3 0.978125 0.1359375 0.01484375
6 0.496875 0.978125 0.10625 0.015625
6 0.69765625 0.97890625 0.0546875 0.0140625