4 0.8390625 0.12734375 0.2453125 0.13828125
6 0.46171875 0.1875 0.415625 0.05625
6 0.36484375 0.10078125 0.6125 0.06796875
3 0.059375 0.1953125 0.053125 0.0265625
6 0.3625 0.2875 0.6171875 0.06875
6 0.415625 0.3765625 0.5109375 0.0609375
3 0.059375 0.38203125 0.0515625 0.0265625
4 0.840625 0.31328125 0.2453125 0.13828125
4 0.840625 0.5 0.2453125 0.13828125
6 0.465625 0.4546875 0.403125 0.0296875
6 0.4734375 0.51875 0.3921875 0.06171875
6 0.5 0.6375 0.475 0.01875
6 0.7140625 0.81875 0.496875 0.03359375
4 0.50078125 0.90234375 0.9234375 0.06484375
3 0.9 0.96640625 0.05 0.02890625
3 0.70078125 0.96640625 0.0515625 0.02890625
3 0.50078125 0.965625 0.0515625 0.02578125
3 0.3015625 0.96640625 0.0421875 0.02890625
3 0.1015625 0.96640625 0.0140625 0.0234375
3 0.059375 0.56875 0.053125 0.02578125