6 0.296875 0.07265625 0.240625 0.02109375
6 0.49921875 0.13984375 0.159375 0.02265625
6 0.121875 0.321875 0.1796875 0.02421875
6 0.3890625 0.32265625 0.1921875 0.0234375
6 0.65703125 0.31953125 0.10625 0.0203125
6 0.9171875 0.31875 0.1625 0.02109375
6 0.49921875 0.40859375 0.1625 0.021875
6 0.1234375 0.5875 0.0859375 0.01953125
6 0.38984375 0.58828125 0.1375 0.0203125
6 0.65625 0.58828125 0.146875 0.0203125
6 0.91484375 0.58828125 0.16875 0.0203125
6 0.12109375 0.85703125 0.128125 0.01953125
6 0.38828125 0.8578125 0.1265625 0.0203125
6 0.65703125 0.85703125 0.071875 0.0203125
6 0.9046875 0.85703125 0.1875 0.01953125
7 0.49921875 0.96484375 0.9984375 0.06875
6 0.49375 0.678125 0.1375 0.021875
3 0.06796875 0.06953125 0.05 0.0203125
3 0.93046875 0.07109375 0.05625 0.03046875
4 0.121875 0.22734375 0.2421875 0.13671875
4 0.38984375 0.22734375 0.2421875 0.13671875
4 0.65625 0.22734375 0.24375 0.13671875
4 0.90078125 0.22734375 0.196875 0.13671875
4 0.121875 0.49609375 0.2421875 0.13828125
4 0.3890625 0.49609375 0.2453125 0.13828125
4 0.65625 0.49609375 0.24375 0.13828125
4 0.90078125 0.49609375 0.196875 0.13828125
4 0.121875 0.765625 0.2421875 0.13671875
4 0.3890625 0.765625 0.2453125 0.13671875
4 0.65625 0.765625 0.24375 0.13671875
4 0.90078125 0.765625 0.196875 0.13671875