6 0.29140625 0.0890625 0.2421875 0.01953125
6 0.12734375 0.6765625 0.134375 0.0125
6 0.196875 0.70546875 0.2734375 0.0171875
6 0.18828125 0.73671875 0.2546875 0.02265625
6 0.2609375 0.76484375 0.0359375 0.0140625
3 0.17265625 0.765625 0.1234375 0.01328125
6 0.0828125 0.76484375 0.046875 0.01484375
6 0.1015625 0.98046875 0.1171875 0.0125
6 0.29921875 0.98046875 0.0875 0.0125
6 0.49765625 0.98046875 0.071875 0.0125
6 0.69765625 0.98046875 0.0828125 0.0125
6 0.89609375 0.98046875 0.103125 0.0125
3 0.89375 0.95234375 0.059375 0.03359375
3 0.696875 0.95234375 0.0578125 0.03046875
3 0.4984375 0.95234375 0.053125 0.0328125
3 0.29921875 0.95234375 0.059375 0.03046875
3 0.1015625 0.95234375 0.05 0.03125
7 0.5 0.878125 0.884375 0.071875
3 0.64765625 0.7921875 0.1234375 0.0140625
6 0.546875 0.79140625 0.065625 0.01484375
6 0.734375 0.79140625 0.0296875 0.01484375
6 0.64375 0.76328125 0.2578125 0.02265625
6 0.584375 0.6765625 0.1421875 0.01171875
6 0.715625 0.71875 0.403125 0.04453125
3 0.64921875 0.44140625 0.1234375 0.0140625
6 0.546875 0.44140625 0.0671875 0.01484375
6 0.74765625 0.440625 0.0546875 0.0140625
6 0.64453125 0.41171875 0.259375 0.0234375
6 0.61171875 0.325 0.196875 0.0125
6 0.721875 0.36875 0.4125 0.04921875
3 0.1921875 0.44140625 0.1234375 0.01328125
6 0.0921875 0.440625 0.065625 0.0140625
6 0.29140625 0.44140625 0.059375 0.01484375
6 0.1890625 0.4125 0.25625 0.02265625
6 0.13984375 0.32578125 0.159375 0.0125
6 0.2453125 0.36953125 0.371875 0.0484375
3 0.42890625 0.52109375 0.0359375 0.01875
4 0.271875 0.5703125 0.425 0.16015625
3 0.884375 0.52109375 0.0359375 0.01875
4 0.7265625 0.5703125 0.425 0.16015625
3 0.88359375 0.1703125 0.0390625 0.01953125
4 0.7265625 0.21953125 0.425 0.1609375
3 0.42890625 0.16953125 0.0359375 0.0171875
4 0.271875 0.21953125 0.425 0.1609375
3 0.1234375 0.08984375 0.028125 0.01484375
2 0.5 0.08984375 0.8703125 0.065625