3 0.07578125 0.87890625 0.1484375 0.0203125
3 0.45390625 0.87890625 0.2140625 0.01953125
3 0.8671875 0.87890625 0.2125 0.01953125
6 0.79453125 0.9125 0.3640625 0.0171875
6 0.37734375 0.91328125 0.371875 0.01640625
6 0.075 0.9109375 0.146875 0.0140625
6 0.0765625 0.82734375 0.15 0.0515625
6 0.3765625 0.82890625 0.371875 0.05546875
6 0.81640625 0.8265625 0.3140625 0.05234375
3 0.18359375 0.49140625 0.2140625 0.01953125
4 0.146875 0.296875 0.290625 0.21015625
6 0.0796875 0.61875 0.109375 0.01484375
4 0.36953125 0.72265625 0.3890625 0.13125
4 0.07578125 0.7234375 0.1484375 0.1296875
4 0.78046875 0.72265625 0.3890625 0.13125
6 0.4609375 0.5015625 0.20625 0.0125
6 0.14765625 0.43203125 0.284375 0.01640625
6 0.840625 0.6140625 0.2640625 0.02265625
6 0.19453125 0.521875 0.1859375 0.02265625
6 0.8703125 0.53125 0.2046875 0.0234375
3 0.8671875 0.5015625 0.215625 0.0203125
6 0.7390625 0.4515625 0.475 0.05546875
6 0.0796875 0.153125 0.109375 0.01484375
6 0.7046875 0.15078125 0.54375 0.0296875
4 0.6484375 0.296875 0.65625 0.21015625
6 0.9 0.99140625 0.0859375 0.01484375
6 0.7 0.990625 0.09375 0.0125
6 0.5 0.99140625 0.109375 0.01484375
6 0.3 0.99140625 0.109375 0.01484375
6 0.09921875 0.99140625 0.0765625 0.0125
3 0.09921875 0.959375 0.0515625 0.0296875
3 0.30078125 0.96015625 0.0734375 0.03125
3 0.49921875 0.959375 0.059375 0.0328125
3 0.70078125 0.959375 0.065625 0.03359375
3 0.9 0.959375 0.0640625 0.0359375
3 0.0609375 0.06796875 0.053125 0.02890625
3 0.18515625 0.06875 0.071875 0.0296875
6 0.8421875 0.06953125 0.1328125 0.02109375
3 0.9390625 0.07109375 0.05625 0.0265625