4 0.840625 0.975 0.2453125 0.0484375
4 0.840625 0.83359375 0.2453125 0.13828125
4 0.840625 0.646875 0.2453125 0.13828125
4 0.840625 0.46015625 0.2453125 0.13671875
4 0.840625 0.2734375 0.2453125 0.13828125
6 0.46171875 0.52109375 0.415625 0.05625
6 0.4609375 0.7078125 0.4171875 0.05625
6 0.4109375 0.89609375 0.5203125 0.0609375
6 0.4125 0.97421875 0.5140625 0.028125
6 0.365625 0.81015625 0.6109375 0.07265625
6 0.39375 0.6234375 0.546875 0.07265625
6 0.3609375 0.43671875 0.6140625 0.0734375
6 0.390625 0.3359375 0.5578125 0.0609375
6 0.371875 0.24921875 0.596875 0.07265625
3 0.06015625 0.90234375 0.0515625 0.0265625
3 0.059375 0.715625 0.0515625 0.02578125
3 0.059375 0.52890625 0.0515625 0.02578125
3 0.059375 0.3421875 0.0515625 0.02578125
7 0.0453125 0.1421875 0.0875 0.04453125
7 0.284375 0.1421875 0.3140625 0.04453125
7 0.60625 0.1421875 0.2546875 0.04453125
7 0.86640625 0.1421875 0.1890625 0.04453125
3 0.059375 0.071875 0.040625 0.0265625
6 0.6546875 0.07265625 0.340625 0.0265625
3 0.93125 0.07109375 0.040625 0.01640625