6 0.14765625 0.4828125 0.1046875 0.0203125
6 0.19375 0.54375 0.19375 0.02421875
6 0.271875 0.0703125 0.1953125 0.05390625
6 0.503125 0.42265625 0.5859375 0.01875
6 0.50234375 0.7828125 0.36875 0.02578125
6 0.503125 0.8921875 0.528125 0.125
6 0.503125 0.98984375 0.5484375 0.01953125
3 0.68828125 0.07109375 0.0546875 0.03359375
3 0.8046875 0.07109375 0.059375 0.03359375
3 0.92734375 0.06953125 0.0625 0.0359375
3 0.07734375 0.07109375 0.0234375 0.02265625
7 0.50234375 0.703125 0.8375 0.065625
7 0.50234375 0.6296875 0.8375 0.06171875
2 0.50234375 0.546875 0.81875 0.0296875
2 0.50234375 0.4875 0.81875 0.03125
4 0.49921875 0.22890625 0.9984375 0.2390625