6 0.86796875 0.9421875 0.1859375 0.01875
6 0.92578125 0.8765625 0.065625 0.01875
6 0.84375 0.8125 0.234375 0.021875
6 0.8203125 0.74453125 0.284375 0.0171875
6 0.8125 0.67890625 0.2953125 0.0171875
6 0.8453125 0.61484375 0.2328125 0.02265625
6 0.84921875 0.55 0.2265625 0.021875
3 0.93203125 0.45859375 0.0609375 0.034375
4 0.93203125 0.39375 0.053125 0.03046875
3 0.9328125 0.32734375 0.059375 0.034375
3 0.93125 0.2625 0.059375 0.03359375
6 0.77421875 0.2625 0.0984375 0.01640625
6 0.734375 0.33046875 0.1828125 0.021875
6 0.73828125 0.39296875 0.1734375 0.01875
4 0.8734375 0.090625 0.178125 0.1
6 0.740625 0.459375 0.1703125 0.01875
1 0.659375 0.515625 0.68125 0.96640625