3 0.0671875 0.06953125 0.040625 0.02265625
6 0.4109375 0.0734375 0.4703125 0.028125
4 0.08203125 0.146875 0.0859375 0.03359375
6 0.3890625 0.14921875 0.4140625 0.0234375
4 0.0828125 0.22578125 0.0875 0.03359375
6 0.3671875 0.22734375 0.371875 0.02421875
4 0.0828125 0.303125 0.0875 0.0328125
6 0.44609375 0.3046875 0.528125 0.02421875
4 0.08203125 0.38203125 0.0859375 0.0328125
6 0.41640625 0.38125 0.4703125 0.028125
4 0.08125 0.459375 0.0875 0.03359375
6 0.34765625 0.46171875 0.3328125 0.02421875
4 0.0828125 0.5375 0.0875 0.03359375
6 0.34296875 0.5375 0.321875 0.0203125
4 0.0828125 0.615625 0.0875 0.03359375
6 0.3953125 0.615625 0.4265625 0.0203125
4 0.08203125 0.69453125 0.0890625 0.03359375
6 0.33984375 0.6953125 0.315625 0.02578125
4 0.08125 0.771875 0.0875 0.03359375
6 0.35 0.77421875 0.3359375 0.0234375
4 0.08203125 0.85 0.0890625 0.03359375
6 0.35625 0.84921875 0.3484375 0.0203125
4 0.08125 0.928125 0.0875 0.03359375
6 0.33203125 0.93046875 0.3 0.02421875
4 0.0828125 0.99453125 0.0875 0.01015625