6 0.5 0.09765625 0.4453125 0.028125
6 0.16796875 0.27421875 0.1703125 0.01875
6 0.4984375 0.28671875 0.1671875 0.0421875
6 0.834375 0.28828125 0.165625 0.046875
6 0.834375 0.45703125 0.1484375 0.021875
6 0.5015625 0.45703125 0.1359375 0.021875
6 0.1671875 0.4546875 0.184375 0.01640625
6 0.16640625 0.646875 0.25 0.04140625
6 0.49921875 0.646875 0.2515625 0.0421875
3 0.5 0.959375 0.059375 0.03359375
4 0.49921875 0.57109375 0.1046875 0.0578125
4 0.16640625 0.5703125 0.1 0.0703125
4 0.165625 0.38984375 0.11875 0.04296875
4 0.49921875 0.38984375 0.096875 0.0546875
3 0.83125 0.38984375 0.1015625 0.05546875
3 0.83203125 0.209375 0.0921875 0.05078125
3 0.49921875 0.21015625 0.1046875 0.04765625
3 0.165625 0.209375 0.084375 0.0609375