6 0.6921875 0.42890625 0.3078125 0.03046875
6 0.2515625 0.42734375 0.3859375 0.02421875
6 0.25078125 0.72734375 0.3875 0.0703125
6 0.73359375 0.70703125 0.3890625 0.0296875
6 0.309375 0.15 0.1734375 0.02109375
6 0.1 0.97890625 0.0890625 0.0140625
6 0.3 0.97890625 0.1359375 0.0140625
6 0.49765625 0.978125 0.1046875 0.01484375
6 0.69765625 0.978125 0.0546875 0.01484375
6 0.8984375 0.978125 0.0640625 0.01484375
3 0.896875 0.94921875 0.0546875 0.0296875
3 0.6984375 0.94921875 0.05 0.0296875
3 0.49921875 0.94921875 0.0515625 0.02890625
3 0.3 0.94921875 0.05 0.02578125
3 0.09921875 0.95 0.0515625 0.02890625
4 0.7390625 0.85859375 0.4421875 0.12734375
4 0.259375 0.85859375 0.4421875 0.12734375
4 0.7390625 0.57578125 0.4421875 0.19609375
4 0.259375 0.57578125 0.4421875 0.19609375
4 0.73984375 0.29765625 0.44375 0.19609375
4 0.259375 0.29765625 0.4421875 0.19609375
6 0.09609375 0.07421875 0.1203125 0.0328125
6 0.0953125 0.15078125 0.1296875 0.01953125