6 0.76796875 0.7 0.353125 0.01953125
6 0.865625 0.625 0.159375 0.0140625
6 0.9 0.55078125 0.090625 0.01484375
6 0.86171875 0.47734375 0.165625 0.01484375
6 0.93046875 0.40234375 0.025 0.0140625
2 0.5015625 0.6984375 0.95 0.0578125
2 0.5015625 0.625 0.95 0.0578125
2 0.50078125 0.55078125 0.9484375 0.0578125
2 0.50078125 0.4765625 0.9484375 0.0578125
2 0.5015625 0.40234375 0.95 0.0578125
6 0.753125 0.0734375 0.1421875 0.0234375
6 0.5 0.31875 0.046875 0.01640625
6 0.546875 0.8640625 0.859375 0.05546875
7 0.5015625 0.790625 0.95 0.05546875
3 0.93203125 0.07109375 0.0390625 0.021875
7 0.5015625 0.15234375 0.95 0.05546875
7 0.50078125 0.22734375 0.9484375 0.06875