4 0.86328125 0.8984375 0.271875 0.0703125
4 0.36484375 0.89765625 0.6796875 0.0703125
3 0.9390625 0.06796875 0.053125 0.0296875
3 0.81484375 0.06875 0.071875 0.03046875
6 0.159375 0.0703125 0.134375 0.021875
3 0.06015625 0.0703125 0.0578125 0.0265625
6 0.32734375 0.34375 0.584375 0.04453125
6 0.9203125 0.8234375 0.109375 0.015625
3 0.953125 0.7296875 0.0203125 0.01953125
3 0.95390625 0.66015625 0.0203125 0.01953125
3 0.95390625 0.58984375 0.0203125 0.01953125
3 0.95390625 0.5203125 0.0203125 0.01953125
3 0.953125 0.45 0.0203125 0.01875
6 0.2703125 0.453125 0.259375 0.021875
6 0.275 0.52421875 0.2640625 0.0203125
6 0.203125 0.59296875 0.1234375 0.02109375
6 0.26328125 0.6625 0.240625 0.015625
6 0.234375 0.7328125 0.184375 0.021875
3 0.065625 0.44921875 0.0578125 0.028125
4 0.065625 0.51953125 0.046875 0.02578125
3 0.06640625 0.58984375 0.0640625 0.02109375
4 0.06640625 0.659375 0.071875 0.0328125
4 0.06796875 0.728125 0.0671875 0.028125
6 0.2203125 0.821875 0.39375 0.03046875
6 0.1015625 0.9921875 0.0859375 0.0140625
6 0.3 0.99140625 0.09375 0.0125
6 0.50078125 0.9921875 0.1078125 0.0140625
6 0.70078125 0.9921875 0.109375 0.0140625
6 0.90078125 0.990625 0.0765625 0.0125
3 0.9 0.959375 0.053125 0.03046875
3 0.7 0.959375 0.075 0.0328125
3 0.50078125 0.959375 0.059375 0.0328125
3 0.29921875 0.959375 0.065625 0.03359375
3 0.1 0.959375 0.0640625 0.0359375
4 0.49921875 0.21328125 0.9984375 0.36171875