6 0.6421875 0.4015625 0.2328125 0.021875
6 0.1453125 0.60078125 0.209375 0.02265625
6 0.0984375 0.5015625 0.1171875 0.021875
6 0.15859375 0.4015625 0.234375 0.021875
2 0.49921875 0.609375 0.9234375 0.03984375
2 0.49921875 0.509375 0.9234375 0.03828125
2 0.25625 0.41015625 0.4375 0.03828125
2 0.7421875 0.409375 0.4375 0.0375
6 0.49765625 0.30234375 0.5296875 0.021875
6 0.209375 0.64921875 0.346875 0.01875
6 0.49921875 0.82890625 0.509375 0.01953125
7 0.4984375 0.225 0.571875 0.06796875
7 0.49921875 0.7765625 0.584375 0.06328125