6 0.77421875 0.74453125 0.3375 0.0296875
6 0.29453125 0.740625 0.3359375 0.02578125
6 0.27890625 0.44375 0.3671875 0.0640625
6 0.7578125 0.44453125 0.371875 0.0625
6 0.690625 0.15 0.1734375 0.02109375
6 0.90078125 0.978125 0.0875 0.01484375
6 0.7 0.97890625 0.1359375 0.0140625
6 0.50234375 0.97734375 0.1046875 0.01484375
6 0.30234375 0.978125 0.0546875 0.01484375
6 0.10234375 0.978125 0.0625 0.01328125
3 0.103125 0.94921875 0.0546875 0.0296875
3 0.3015625 0.94921875 0.05 0.03046875
3 0.5015625 0.94921875 0.05 0.02890625
3 0.70078125 0.94921875 0.0515625 0.02578125
3 0.9 0.95 0.05 0.028125
4 0.26015625 0.85703125 0.44375 0.13125
4 0.7390625 0.85703125 0.4421875 0.13125
4 0.2609375 0.61171875 0.4421875 0.19609375
4 0.74140625 0.6125 0.4421875 0.19609375
4 0.2609375 0.29453125 0.4421875 0.1953125
4 0.7421875 0.29453125 0.44375 0.1953125
6 0.903125 0.07421875 0.1203125 0.0328125
6 0.9046875 0.15078125 0.1296875 0.01953125