4 0.159375 0.975 0.2453125 0.0484375
4 0.159375 0.83359375 0.2453125 0.13828125
4 0.159375 0.646875 0.2453125 0.13828125
4 0.159375 0.46015625 0.2453125 0.13671875
4 0.159375 0.2734375 0.2453125 0.13828125
6 0.53828125 0.52109375 0.415625 0.05625
6 0.5390625 0.7078125 0.4171875 0.05625
6 0.5890625 0.89609375 0.5203125 0.0609375
6 0.5875 0.97421875 0.5140625 0.028125
6 0.634375 0.81015625 0.6109375 0.07265625
6 0.60625 0.6234375 0.546875 0.07265625
6 0.6390625 0.43671875 0.6140625 0.0734375
6 0.609375 0.3359375 0.5578125 0.0609375
6 0.628125 0.24921875 0.596875 0.07265625
3 0.93984375 0.90234375 0.0515625 0.0265625
3 0.940625 0.715625 0.0515625 0.02578125
3 0.940625 0.52890625 0.0515625 0.02578125
3 0.940625 0.3421875 0.0515625 0.02578125
7 0.9546875 0.1421875 0.0875 0.04453125
7 0.715625 0.1421875 0.3140625 0.04453125
7 0.39375 0.1421875 0.2546875 0.04453125
7 0.13359375 0.1421875 0.1890625 0.04453125
3 0.940625 0.071875 0.040625 0.0265625
6 0.3453125 0.07265625 0.340625 0.0265625
3 0.06875 0.07109375 0.040625 0.01640625