5 0.49921875 0.515625 0.871875 0.8109375
6 0.303125 0.16015625 0.3609375 0.03125
6 0.321875 0.2203125 0.1625 0.02265625
6 0.31171875 0.28671875 0.14375 0.02109375
6 0.33671875 0.3546875 0.19375 0.02734375
6 0.28515625 0.4203125 0.0875 0.028125
6 0.37109375 0.4828125 0.2609375 0.0234375
6 0.321875 0.55234375 0.1625 0.0265625
6 0.2984375 0.61796875 0.11875 0.02734375
6 0.3234375 0.68046875 0.1703125 0.02265625
6 0.4125 0.74765625 0.3453125 0.028125
6 0.384375 0.81171875 0.2875 0.02265625
6 0.82734375 0.88203125 0.0515625 0.0171875
6 0.6484375 0.8828125 0.1421875 0.0171875