3 0.11171875 0.72265625 0.0578125 0.02890625
3 0.11171875 0.4765625 0.0578125 0.02890625
3 0.11171875 0.17890625 0.0578125 0.0296875
3 0.4609375 0.4984375 0.2421875 0.02265625
6 0.4953125 0.46328125 0.309375 0.01640625
7 0.446875 0.365625 0.2171875 0.04453125
3 0.4609375 0.2703125 0.2421875 0.02265625
3 0.0609375 0.07109375 0.053125 0.0265625
3 0.9390625 0.0703125 0.05625 0.0265625
6 0.8203125 0.27109375 0.2328125 0.0140625
3 0.3578125 0.309375 0.0375 0.021875
6 0.559375 0.31171875 0.3328125 0.01875
6 0.834375 0.375 0.203125 0.02109375
6 0.825 0.5 0.2203125 0.0140625
3 0.3578125 0.5375 0.0375 0.021875
6 0.56484375 0.53828125 0.34375 0.01484375
7 0.446875 0.61171875 0.2171875 0.04453125
3 0.4609375 0.8140625 0.2421875 0.02265625
3 0.3578125 0.85234375 0.0375 0.021875
6 0.51328125 0.8546875 0.240625 0.0171875
7 0.446875 0.91015625 0.2171875 0.04453125
6 0.84140625 0.9171875 0.184375 0.021875
4 0.178125 0.98984375 0.278125 0.01953125
6 0.834375 0.81484375 0.203125 0.0140625
6 0.6328125 0.7453125 0.5875 0.08984375
4 0.178125 0.540625 0.278125 0.20859375
4 0.178125 0.81171875 0.278125 0.26015625
6 0.63203125 0.2 0.5859375 0.08671875
4 0.178125 0.26953125 0.278125 0.26015625
6 0.8421875 0.62109375 0.184375 0.02109375