6 0.32265625 0.746875 0.5375 0.028125
6 0.65546875 0.64609375 0.234375 0.02109375
6 0.171875 0.64609375 0.2359375 0.02265625
6 0.440625 0.54140625 0.3140625 0.02265625
4 0.4984375 0.1390625 0.146875 0.0828125
4 0.49921875 0.24140625 0.3125 0.0609375
6 0.109375 0.5421875 0.109375 0.021875
6 0.49921875 0.9453125 0.8328125 0.05078125
7 0.49921875 0.8515625 0.9375 0.06953125
3 0.1890625 0.54765625 0.034375 0.00859375
2 0.1265625 0.5515625 0.1921875 0.040625
2 0.61796875 0.54765625 0.6953125 0.04921875
2 0.25546875 0.653125 0.45 0.03515625
2 0.7421875 0.653125 0.4484375 0.034375
2 0.49921875 0.75078125 0.9375 0.0359375
0 0.49921875 0.515625 0.9984375 0.96640625