6 0.59609375 0.96171875 0.5140625 0.05546875
3 0.11171875 0.95546875 0.053125 0.028125
4 0.17734375 0.95703125 0.2765625 0.084375
6 0.8359375 0.85390625 0.196875 0.0203125
7 0.446875 0.84609375 0.2171875 0.04453125
6 0.80859375 0.73359375 0.25625 0.01484375
3 0.4609375 0.7328125 0.2421875 0.021875
6 0.53203125 0.69765625 0.3828125 0.021875
3 0.11171875 0.709375 0.053125 0.02734375
4 0.178125 0.7734375 0.278125 0.21015625
6 0.84375 0.6078125 0.1828125 0.0203125
7 0.446875 0.6 0.2171875 0.04453125
6 0.840625 0.52265625 0.1875 0.01484375
3 0.46171875 0.52109375 0.240625 0.021875
6 0.58828125 0.46875 0.496875 0.05625
3 0.1109375 0.46328125 0.05625 0.02890625
4 0.178125 0.52734375 0.278125 0.209375
6 0.84140625 0.36171875 0.1859375 0.02109375
7 0.446875 0.35390625 0.2171875 0.04453125
6 0.83125 0.27578125 0.209375 0.0140625
3 0.4609375 0.27578125 0.2421875 0.02265625
6 0.58984375 0.2234375 0.5015625 0.05625
3 0.11171875 0.2171875 0.053125 0.02734375
4 0.178125 0.28125 0.278125 0.21015625
6 0.290625 0.1359375 0.509375 0.0359375
3 0.940625 0.06953125 0.05625 0.02734375
3 0.0609375 0.0703125 0.053125 0.02421875