6 0.20390625 0.071875 0.3640625 0.0265625
6 0.49921875 0.2484375 0.0546875 0.02109375
6 0.49921875 0.525 0.240625 0.021875
6 0.49921875 0.80078125 0.3296875 0.02109375
6 0.0828125 0.9828125 0.06875 0.01328125
6 0.25078125 0.984375 0.096875 0.015625
6 0.4171875 0.9828125 0.0875 0.01328125
6 0.584375 0.9828125 0.0703125 0.0125
6 0.75 0.984375 0.1140625 0.015625
6 0.915625 0.9828125 0.0375 0.0125
3 0.89140625 0.85703125 0.1390625 0.07734375
3 0.915625 0.94453125 0.0578125 0.03359375
3 0.74921875 0.94453125 0.0546875 0.03359375
3 0.58203125 0.94453125 0.0703125 0.03125
4 0.415625 0.94453125 0.06875 0.0421875
3 0.2484375 0.94453125 0.059375 0.03046875
3 0.084375 0.94453125 0.0625 0.03046875
3 0.93984375 0.07109375 0.059375 0.03359375
4 0.49921875 0.2484375 0.9984375 0.2734375
4 0.49921875 0.52421875 0.9984375 0.2734375
4 0.49921875 0.790625 0.9984375 0.253125