6 0.134375 0.72578125 0.184375 0.01953125
6 0.09140625 0.64921875 0.103125 0.01953125
2 0.5 0.73125 0.921875 0.03046875
2 0.5 0.65390625 0.921875 0.03046875
6 0.49921875 0.4453125 0.7296875 0.06171875
6 0.49921875 0.37890625 0.28125 0.03046875
4 0.4984375 0.2203125 0.3296875 0.18515625
6 0.2578125 0.075 0.165625 0.03046875
3 0.0671875 0.07109375 0.04375 0.02265625
6 0.23828125 0.55390625 0.146875 0.028125
6 0.5015625 0.8640625 0.328125 0.01953125
6 0.49921875 0.95625 0.4484375 0.01953125
3 0.06796875 0.55234375 0.0359375 0.0203125
7 0.49921875 0.8015625 0.9234375 0.06796875
5 0.5 0.75625 0.996875 0.4859375