6 0.25 0.0640625 0.2953125 0.01640625
6 0.75234375 0.06484375 0.121875 0.01875
3 0.521875 0.97734375 0.04375 0.02421875
6 0.46796875 0.97734375 0.0203125 0.01484375
6 0.5 0.3296875 0.125 0.01875
6 0.5 0.925 0.33125 0.021875
6 0.503125 0.88515625 0.7984375 0.0171875
6 0.5015625 0.84765625 0.196875 0.021875
3 0.52890625 0.46328125 0.04375 0.02421875
6 0.4671875 0.46328125 0.034375 0.015625
6 0.503125 0.371875 0.6953125 0.02265625
6 0.49921875 0.409375 0.3828125 0.02109375
4 0.5078125 0.67734375 0.1515625 0.20703125
4 0.5015625 0.17421875 0.371875 0.15078125