6 0.68203125 0.07421875 0.4 0.0234375
6 0.778125 0.74921875 0.325 0.01875
7 0.909375 0.1453125 0.0671875 0.02890625
7 0.42890625 0.1453125 0.0671875 0.02890625
3 0.06953125 0.071875 0.0359375 0.02734375
3 0.93359375 0.07109375 0.046875 0.0265625
6 0.740625 0.33515625 0.3984375 0.021875
6 0.78828125 0.36171875 0.3078125 0.01875
6 0.81875 0.39609375 0.246875 0.01875
6 0.8859375 0.428125 0.1109375 0.02109375
3 0.56484375 0.4265625 0.0125 0.0203125
3 0.56953125 0.1484375 0.053125 0.0265625
3 0.0890625 0.14921875 0.05625 0.028125
6 0.26875 0.3328125 0.3828125 0.01875
6 0.3328125 0.3640625 0.2578125 0.021875
6 0.35859375 0.396875 0.20625 0.01875
6 0.4 0.428125 0.125 0.02109375
3 0.084375 0.42734375 0.0125 0.02109375
6 0.7515625 0.68671875 0.378125 0.0171875
6 0.83046875 0.71640625 0.2203125 0.021875
6 0.89140625 0.78046875 0.1 0.02109375
3 0.5640625 0.7796875 0.0109375 0.02109375
6 0.2625 0.68828125 0.396875 0.0203125
6 0.36640625 0.7140625 0.1859375 0.0171875
6 0.33828125 0.7484375 0.2484375 0.01953125
6 0.3984375 0.78125 0.128125 0.02109375
3 0.084375 0.7796875 0.0125 0.02109375
3 0.56796875 0.50234375 0.053125 0.0265625
3 0.0890625 0.5015625 0.053125 0.028125
3 0.08828125 0.85390625 0.0546875 0.02734375
3 0.56875 0.8546875 0.0546875 0.0265625
4 0.740625 0.21328125 0.44375 0.18515625
4 0.2609375 0.9125 0.4421875 0.17421875
4 0.2609375 0.565625 0.4421875 0.1875
4 0.740625 0.56640625 0.4421875 0.18515625
4 0.740625 0.9125 0.4421875 0.17421875
4 0.259375 0.21328125 0.4421875 0.1875
2 0.50078125 0.07109375 0.959375 0.0546875