6 0.35 0.07421875 0.346875 0.02578125
6 0.49765625 0.2234375 0.640625 0.0546875
6 0.18828125 0.35390625 0.3265625 0.01953125
6 0.303125 0.40546875 0.484375 0.02421875
6 0.10625 0.46875 0.0875 0.0203125
6 0.253125 0.53671875 0.384375 0.02578125
6 0.228125 0.60234375 0.3359375 0.02578125
6 0.22734375 0.66796875 0.3296875 0.02578125
6 0.20546875 0.73359375 0.2890625 0.02578125
6 0.10703125 0.796875 0.090625 0.0203125
6 0.25859375 0.86484375 0.3921875 0.02578125
6 0.14375 0.93125 0.1625 0.02421875
6 0.2078125 0.99140625 0.296875 0.015625
3 0.06875 0.07109375 0.040625 0.02265625
3 0.93984375 0.06953125 0.046875 0.02578125
4 0.4984375 0.22421875 0.95 0.18984375