2 0.50078125 0.43828125 0.9046875 0.03359375
2 0.50078125 0.2734375 0.9046875 0.0328125
6 0.903125 0.1421875 0.19375 0.0171875
6 0.596875 0.1421875 0.3015625 0.01875
6 0.20703125 0.1421875 0.353125 0.0171875
6 0.85234375 0.209375 0.21875 0.01484375
6 0.84765625 0.371875 0.2234375 0.01484375
6 0.8765625 0.978125 0.0890625 0.01484375
6 0.6265625 0.98046875 0.1640625 0.01953125
6 0.37734375 0.978125 0.0984375 0.01484375
6 0.128125 0.97890625 0.05625 0.015625
3 0.91875 0.06953125 0.0484375 0.01953125
3 0.084375 0.07109375 0.04375 0.0234375
3 0.09765625 0.26875 0.0265625 0.0078125
3 0.0984375 0.43125 0.025 0.0078125
3 0.8765625 0.95 0.0453125 0.02578125
3 0.62578125 0.95 0.0515625 0.0265625
3 0.3765625 0.95 0.0359375 0.028125
3 0.12734375 0.94921875 0.0515625 0.02890625
7 0.5015625 0.55390625 0.921875 0.0515625
6 0.80234375 0.43125 0.2578125 0.01953125
6 0.80703125 0.26796875 0.246875 0.0203125
6 0.52578125 0.0734375 0.565625 0.02734375
2 0.5 0.07109375 0.971875 0.06640625