4 0.728125 0.0703125 0.196875 0.05390625
6 0.7796875 0.15390625 0.090625 0.02109375
6 0.7171875 0.22109375 0.215625 0.0203125
6 0.73046875 0.2859375 0.1890625 0.021875
6 0.71015625 0.35234375 0.2296875 0.0203125
6 0.70390625 0.41484375 0.2359375 0.0171875
6 0.66640625 0.48125 0.3171875 0.015625
6 0.7453125 0.54609375 0.159375 0.0171875
6 0.50390625 0.73515625 0.228125 0.0171875
6 0.56640625 0.80703125 0.2859375 0.02109375
6 0.56796875 0.84375 0.4953125 0.02265625
6 0.56640625 0.88203125 0.2140625 0.02265625
6 0.56796875 0.92109375 0.3671875 0.02265625
6 0.56953125 0.9578125 0.2171875 0.0171875
4 0.69375 0.73515625 0.109375 0.04453125
3 0.93203125 0.54765625 0.05625 0.0328125
3 0.93203125 0.48046875 0.059375 0.0328125
3 0.9328125 0.41484375 0.059375 0.02890625
3 0.93203125 0.35 0.0609375 0.02890625
3 0.93203125 0.284375 0.053125 0.03046875
4 0.9328125 0.21875 0.059375 0.03359375
4 0.93203125 0.153125 0.053125 0.03359375
3 0.93203125 0.07109375 0.021875 0.021875
4 0.31171875 0.07109375 0.0515625 0.03359375
3 0.1953125 0.07109375 0.059375 0.034375
3 0.07265625 0.06875 0.0625 0.03671875
3 0.23515625 0.15390625 0.021875 0.0203125
3 0.234375 0.21953125 0.0203125 0.0203125
3 0.234375 0.28515625 0.0203125 0.0203125
3 0.234375 0.35078125 0.0203125 0.0203125
3 0.23515625 0.41640625 0.01875 0.0203125
3 0.23515625 0.48203125 0.021875 0.0203125
3 0.234375 0.54765625 0.0203125 0.0203125
1 0.5875 0.55390625 0.825 0.8890625