6 0.08671875 0.06875 0.096875 0.0234375
6 0.165625 0.12890625 0.1703125 0.02109375
6 0.4984375 0.12578125 0.08125 0.01953125
6 0.83046875 0.12578125 0.1671875 0.01875
6 0.49765625 0.54765625 0.5984375 0.05390625
6 0.4984375 0.7046875 0.5640625 0.02578125
6 0.49765625 0.75625 0.6734375 0.02578125
6 0.16484375 0.97734375 0.159375 0.01875
6 0.4984375 0.97734375 0.071875 0.01875
6 0.83203125 0.9765625 0.1203125 0.0140625
3 0.165625 0.95234375 0.040625 0.02265625
3 0.49921875 0.95234375 0.040625 0.02109375
3 0.8328125 0.95234375 0.040625 0.0234375
4 0.49921875 0.41328125 0.546875 0.171875
7 0.5 0.6171875 0.909375 0.05