6 0.50078125 0.0734375 0.2484375 0.0359375
6 0.5 0.2265625 0.13125 0.0140625
6 0.16640625 0.22578125 0.1609375 0.015625
6 0.76484375 0.30703125 0.2375 0.02265625
6 0.80703125 0.396875 0.15625 0.02265625
6 0.77890625 0.4828125 0.215625 0.0203125
6 0.8015625 0.54765625 0.1671875 0.021875
6 0.31640625 0.54765625 0.134375 0.01484375
6 0.77734375 0.578125 0.209375 0.02109375
6 0.28828125 0.5765625 0.165625 0.0203125
6 0.903125 0.78046875 0.1234375 0.015625
6 0.87109375 0.8171875 0.184375 0.0171875
6 0.83203125 0.85234375 0.2640625 0.015625
6 0.9078125 0.88828125 0.1125 0.01640625
6 0.93125 0.925 0.059375 0.0203125
6 0.871875 0.9609375 0.1828125 0.01953125
3 0.27265625 0.871875 0.04375 0.02421875
3 0.18046875 0.87109375 0.040625 0.02421875
3 0.084375 0.871875 0.04375 0.0203125
4 0.43359375 0.57265625 0.05 0.0296875
3 0.05859375 0.571875 0.0171875 0.0078125
3 0.93359375 0.57265625 0.0421875 0.02421875
3 0.940625 0.4828125 0.0359375 0.0234375
4 0.940625 0.39453125 0.0421875 0.0203125
4 0.93984375 0.30703125 0.04375 0.02109375
4 0.75390625 0.1421875 0.053125 0.028125
4 0.24921875 0.1421875 0.065625 0.02734375
3 0.08125 0.06953125 0.0546875 0.021875
7 0.83515625 0.22421875 0.2234375 0.0359375
7 0.5015625 0.678125 0.921875 0.07578125