6 0.31875 0.075 0.3984375 0.02421875
3 0.9296875 0.071875 0.0375 0.02734375
3 0.065625 0.07109375 0.0484375 0.028125
6 0.3578125 0.43671875 0.3625 0.0203125
6 0.3671875 0.5265625 0.3796875 0.02421875
6 0.29921875 0.61171875 0.24375 0.01953125
6 0.296875 0.69921875 0.2453125 0.01953125
6 0.2625 0.7890625 0.171875 0.02578125
6 0.2375 0.87421875 0.125 0.0203125
6 0.4984375 0.9625 0.2359375 0.02421875
4 0.07734375 0.87265625 0.11875 0.06640625
4 0.07734375 0.7859375 0.11875 0.06640625
4 0.07734375 0.6984375 0.11875 0.06640625
4 0.07734375 0.6109375 0.11875 0.065625
4 0.078125 0.52265625 0.1171875 0.065625
4 0.078125 0.43515625 0.1171875 0.06640625
4 0.078125 0.34765625 0.1171875 0.06640625
6 0.253125 0.3515625 0.153125 0.02421875
4 0.07734375 0.26015625 0.11875 0.06640625
6 0.20078125 0.2625 0.0484375 0.01953125
6 0.49921875 0.1546875 0.2078125 0.02578125
6 0.5 0.19375 0.4109375 0.02578125
2 0.4984375 0.07109375 0.9609375 0.05625