6 0.39921875 0.3984375 0.1453125 0.01875
6 0.86640625 0.396875 0.1890625 0.0203125
6 0.86328125 0.7234375 0.196875 0.01875
6 0.4 0.7234375 0.15 0.01875
4 0.25546875 0.88203125 0.4671875 0.234375
4 0.74375 0.88203125 0.465625 0.23359375
4 0.25703125 0.5703125 0.4671875 0.2625
4 0.74375 0.5703125 0.465625 0.2625
4 0.2546875 0.24453125 0.465625 0.26171875
4 0.74375 0.24453125 0.465625 0.26171875
3 0.946875 0.06328125 0.0625 0.034375
4 0.5015625 0.065625 0.25625 0.034375
7 0.109375 0.06328125 0.196875 0.03125