6 0.128125 0.403125 0.1765625 0.01875
6 0.0875 0.33046875 0.0953125 0.01875
6 0.1 0.065625 0.15 0.02734375
6 0.49921875 0.1359375 0.6078125 0.02578125
6 0.50078125 0.28359375 0.03125 0.0125
6 0.91640625 0.403125 0.0859375 0.01640625
6 0.50078125 0.55390625 0.2765625 0.0203125
6 0.5 0.6171875 0.234375 0.01640625
7 0.4984375 0.6828125 0.928125 0.0625
7 0.4984375 0.49375 0.921875 0.0625
2 0.49921875 0.4171875 0.9234375 0.046875
2 0.49921875 0.34375 0.9234375 0.046875
3 0.2890625 0.2109375 0.13125 0.0734375
3 0.4984375 0.2109375 0.1296875 0.0734375
3 0.70859375 0.2109375 0.1296875 0.0734375
3 0.9359375 0.06328125 0.05 0.028125