3 0.6421875 0.85546875 0.0375 0.021875
6 0.453125 0.85703125 0.3046875 0.01484375
3 0.6421875 0.55859375 0.0375 0.021875
6 0.48671875 0.5609375 0.240625 0.0171875
3 0.6421875 0.2953125 0.0375 0.021875
6 0.165625 0.62421875 0.2 0.0203125
6 0.175 0.81796875 0.221875 0.0140625
3 0.5390625 0.51953125 0.2421875 0.0234375
6 0.365625 0.7484375 0.590625 0.08984375
6 0.40078125 0.46875 0.5234375 0.05546875
6 0.178125 0.5203125 0.2265625 0.0140625
6 0.15703125 0.92109375 0.1859375 0.0203125
7 0.553125 0.91328125 0.2171875 0.04453125
3 0.5390625 0.81640625 0.2421875 0.02265625
6 0.48671875 0.29765625 0.240625 0.01875
4 0.821875 0.81484375 0.278125 0.26015625
3 0.88828125 0.72578125 0.053125 0.02890625
7 0.553125 0.61484375 0.2171875 0.04453125
4 0.82265625 0.53515625 0.2796875 0.2265625
3 0.88828125 0.4625 0.053125 0.028125
6 0.1578125 0.3609375 0.1875 0.02109375
6 0.16484375 0.2578125 0.2015625 0.0140625
7 0.553125 0.3515625 0.2171875 0.04453125
3 0.5390625 0.25625 0.2421875 0.02265625
6 0.3953125 0.18828125 0.5265625 0.08984375
4 0.821875 0.25546875 0.278125 0.26015625
3 0.88828125 0.16484375 0.053125 0.028125
3 0.9390625 0.07109375 0.053125 0.0265625
3 0.06015625 0.07109375 0.0546875 0.0265625