6 0.759375 0.07265625 0.190625 0.028125
3 0.9328125 0.07109375 0.040625 0.02265625
2 0.50078125 0.17890625 0.9046875 0.03125
6 0.88203125 0.17421875 0.1140625 0.01953125
2 0.559375 0.26484375 0.7875 0.02890625
6 0.8359375 0.259375 0.20625 0.01953125
6 0.096875 0.2671875 0.10625 0.01640625
2 0.5 0.34765625 0.90625 0.03046875
6 0.84375 0.34296875 0.196875 0.01875
6 0.5640625 0.43359375 0.775 0.0484375
3 0.50078125 0.559375 0.046875 0.0328125
6 0.50234375 0.59921875 0.8046875 0.0171875
7 0.50078125 0.95546875 0.9984375 0.0875