4 0.74453125 0.8796875 0.4671875 0.2390625
4 0.25625 0.8796875 0.465625 0.2390625
6 0.60234375 0.7171875 0.1484375 0.0203125
6 0.0875 0.7171875 0.096875 0.0203125
6 0.5921875 0.39140625 0.1375 0.0203125
6 0.11484375 0.3921875 0.1578125 0.01953125
4 0.74453125 0.56484375 0.4671875 0.26171875
4 0.25703125 0.56484375 0.4640625 0.26171875
4 0.74453125 0.2390625 0.4671875 0.2625
4 0.25703125 0.2390625 0.4640625 0.2625
3 0.05390625 0.06328125 0.0609375 0.034375
4 0.4984375 0.065625 0.25625 0.03515625
7 0.890625 0.06328125 0.196875 0.03125