6 0.315625 0.36171875 0.55625 0.046875
4 0.83984375 0.8921875 0.24375 0.08046875
6 0.31484375 0.48515625 0.5484375 0.0703125
6 0.30234375 0.8921875 0.5234375 0.0703125
4 0.83984375 0.71640625 0.24375 0.13671875
4 0.83984375 0.5125 0.24375 0.13671875
4 0.83984375 0.30859375 0.24375 0.1359375
3 0.95078125 0.0265625 0.04375 0.02421875
6 0.49765625 0.18515625 0.6375 0.02421875
6 0.584375 0.09609375 0.128125 0.0296875
4 0.496875 0.07890625 0.50625 0.1578125
6 0.303125 0.28046875 0.5265625 0.0703125
6 0.346875 0.56484375 0.615625 0.04765625
6 0.27109375 0.68828125 0.4609375 0.071875
6 0.33828125 0.76953125 0.6015625 0.04765625
6 0.821875 0.9875 0.053125 0.01328125
6 0.17421875 0.98515625 0.04375 0.01015625
4 0.17421875 0.9609375 0.0765625 0.02578125
6 0.5 0.9859375 0.0609375 0.009375
3 0.49921875 0.9609375 0.040625 0.0234375
3 0.821875 0.96015625 0.0453125 0.02265625