6 0.44609375 0.81953125 0.23125 0.021875
6 0.07578125 0.81796875 0.1484375 0.0171875
6 0.753125 0.15625 0.4484375 0.02578125
6 0.0796875 0.16015625 0.109375 0.01484375
6 0.0765625 0.9 0.15 0.04453125
6 0.378125 0.90078125 0.36875 0.04765625
6 0.796875 0.90078125 0.359375 0.04765625
3 0.07578125 0.85234375 0.1484375 0.0203125
3 0.4546875 0.85234375 0.215625 0.0203125
3 0.8671875 0.85234375 0.215625 0.0203125
6 0.85390625 0.81796875 0.2421875 0.0171875
4 0.78125 0.73046875 0.390625 0.13125
4 0.36953125 0.73046875 0.3890625 0.13203125
4 0.0765625 0.73046875 0.15 0.13125
6 0.08046875 0.62578125 0.109375 0.0140625
6 0.74921875 0.621875 0.4453125 0.02265625
6 0.19609375 0.53828125 0.1859375 0.02265625
3 0.1828125 0.50859375 0.215625 0.01953125
6 0.459375 0.50859375 0.20625 0.01328125
6 0.878125 0.53828125 0.1859375 0.02265625
3 0.86796875 0.50859375 0.2140625 0.01875
6 0.725 0.45859375 0.503125 0.05625
6 0.146875 0.4578125 0.2921875 0.0578125
4 0.146875 0.3046875 0.290625 0.2109375
4 0.64765625 0.3046875 0.65625 0.2109375
6 0.9 0.99140625 0.0859375 0.01484375
6 0.69921875 0.99140625 0.096875 0.0125
6 0.49921875 0.99140625 0.1078125 0.01484375
6 0.3 0.99140625 0.109375 0.01484375
6 0.1 0.990625 0.075 0.0125
3 0.1 0.959375 0.053125 0.0296875
3 0.30078125 0.96015625 0.0734375 0.03125
3 0.49921875 0.95859375 0.059375 0.03359375
3 0.70078125 0.959375 0.065625 0.03359375
3 0.90078125 0.959375 0.065625 0.03671875
3 0.0609375 0.06796875 0.053125 0.0296875
3 0.18515625 0.06875 0.071875 0.0296875
6 0.84140625 0.0703125 0.134375 0.021875
3 0.940625 0.07109375 0.05625 0.0265625