6 0.2203125 0.071875 0.1515625 0.0203125
6 0.18828125 0.5296875 0.0984375 0.015625
6 0.2453125 0.77109375 0.0984375 0.015625
6 0.746875 0.76953125 0.0984375 0.01484375
6 0.74296875 0.28359375 0.1 0.01640625
6 0.753125 0.071875 0.1296875 0.01484375
6 0.90234375 0.14296875 0.19375 0.015625
6 0.6765625 0.14296875 0.096875 0.01640625
6 0.49921875 0.14296875 0.09375 0.01640625
6 0.325 0.14296875 0.09375 0.01640625
6 0.14453125 0.14296875 0.103125 0.01640625
6 0.740625 0.31484375 0.246875 0.0265625
6 0.1875 0.56328125 0.178125 0.0265625
6 0.74609375 0.8015625 0.278125 0.0265625
6 0.246875 0.803125 0.165625 0.02578125
6 0.1 0.9796875 0.078125 0.01328125
6 0.29921875 0.9796875 0.1234375 0.01328125
6 0.496875 0.9796875 0.0921875 0.01328125
6 0.69921875 0.9796875 0.109375 0.01328125
6 0.8984375 0.9796875 0.0609375 0.01328125
3 0.1 0.95 0.05625 0.028125
3 0.29921875 0.94921875 0.05625 0.02890625
3 0.49921875 0.94921875 0.0578125 0.03046875
3 0.69921875 0.95 0.0484375 0.0296875
3 0.8984375 0.94921875 0.05625 0.02734375
3 0.9015625 0.07109375 0.025 0.0078125
3 0.546875 0.0703125 0.0390625 0.0296875
3 0.090625 0.071875 0.0515625 0.02890625
2 0.49921875 0.07109375 0.921875 0.0546875
4 0.49921875 0.3 0.9984375 0.24921875
4 0.49921875 0.54921875 0.9984375 0.2484375
4 0.2484375 0.79765625 0.496875 0.24921875
4 0.7484375 0.79765625 0.5 0.24921875