6 0.69296875 0.07265625 0.3203125 0.03046875
3 0.93359375 0.07109375 0.0421875 0.02265625
3 0.059375 0.07109375 0.046875 0.02890625
4 0.75 0.20078125 0.4609375 0.1828125
6 0.86328125 0.32265625 0.2296875 0.01875
6 0.8640625 0.3515625 0.2328125 0.01875
4 0.74921875 0.49765625 0.459375 0.18359375
6 0.81015625 0.621875 0.34375 0.021875
6 0.8984375 0.6484375 0.1640625 0.01953125
4 0.75 0.8125 0.4609375 0.21953125
6 0.38984375 0.1359375 0.1828125 0.01875
6 0.37421875 0.16484375 0.2125 0.01953125
4 0.25078125 0.3171875 0.4625 0.1984375
6 0.271875 0.44921875 0.421875 0.021875
6 0.3984375 0.47578125 0.1640625 0.01953125
4 0.2515625 0.66015625 0.4609375 0.26015625
6 0.26875 0.821875 0.4296875 0.02265625
6 0.396875 0.84921875 0.171875 0.01953125
3 0.9 0.96015625 0.046875 0.0234375
3 0.70234375 0.96015625 0.04375 0.02421875
3 0.5015625 0.9609375 0.05 0.02578125
3 0.303125 0.96015625 0.05 0.02890625
3 0.10234375 0.9609375 0.0515625 0.028125