6 0.903125 0.07421875 0.11875 0.0328125
6 0.90390625 0.1515625 0.13125 0.0203125
6 0.69140625 0.15078125 0.175 0.021875
6 0.50078125 0.2546875 0.39375 0.0203125
4 0.73984375 0.3921875 0.44375 0.196875
4 0.26015625 0.3921875 0.44375 0.196875
6 0.75703125 0.54140625 0.3703125 0.0640625
6 0.3015625 0.540625 0.321875 0.0640625
4 0.740625 0.709375 0.4421875 0.19609375
4 0.259375 0.709375 0.4421875 0.19609375
6 0.296875 0.86171875 0.334375 0.0703125
6 0.7515625 0.8421875 0.384375 0.0296875
3 0.90078125 0.95 0.0515625 0.028125
3 0.70078125 0.94921875 0.0515625 0.02578125
6 0.9 0.978125 0.0890625 0.01484375
6 0.70078125 0.978125 0.1375 0.01484375
3 0.50234375 0.94921875 0.0515625 0.02890625
6 0.50234375 0.978125 0.1046875 0.015625
3 0.30078125 0.94921875 0.0515625 0.03046875
6 0.30234375 0.978125 0.0546875 0.01484375
3 0.10390625 0.94921875 0.05625 0.03046875
6 0.1015625 0.978125 0.0640625 0.01484375