6 0.096875 0.21796875 0.1171875 0.01953125
6 0.2 0.13203125 0.3109375 0.05859375
3 0.1359375 0.4296875 0.115625 0.065625
6 0.571875 0.43203125 0.678125 0.04765625
6 0.43828125 0.546875 0.715625 0.040625
7 0.321875 0.7 0.490625 0.0453125
7 0.76171875 0.634375 0.31875 0.0453125
7 0.43671875 0.63515625 0.2578125 0.04453125
7 0.17421875 0.63515625 0.19375 0.04453125
3 0.1 0.96640625 0.05 0.02890625
3 0.29921875 0.96640625 0.0515625 0.02890625
3 0.49921875 0.965625 0.0515625 0.02578125
3 0.6984375 0.96640625 0.0421875 0.0296875
3 0.89921875 0.96640625 0.0125 0.02265625