6 0.1296875 0.38671875 0.178125 0.01875
6 0.58828125 0.38671875 0.121875 0.01875
6 0.61953125 0.71328125 0.1859375 0.02578125
6 0.1359375 0.71328125 0.1953125 0.02578125
4 0.74453125 0.87578125 0.4671875 0.24609375
4 0.25625 0.8765625 0.465625 0.2453125
4 0.74453125 0.55859375 0.4671875 0.26171875
4 0.25625 0.55859375 0.465625 0.26171875
4 0.74453125 0.2328125 0.4671875 0.2625
4 0.25625 0.2328125 0.465625 0.2625
3 0.053125 0.06328125 0.0609375 0.034375
4 0.4984375 0.065625 0.25625 0.03515625
7 0.890625 0.06328125 0.196875 0.03125