3 0.06875 0.07109375 0.040625 0.0234375
6 0.29921875 0.075 0.2484375 0.03046875
4 0.49921875 0.2953125 0.9984375 0.371875
6 0.16640625 0.521875 0.25625 0.02578125
6 0.18046875 0.5984375 0.284375 0.02578125
6 0.228125 0.67265625 0.375 0.0203125
6 0.1625 0.74921875 0.2453125 0.0203125
6 0.13671875 0.82578125 0.19375 0.0203125
6 0.203125 0.90390625 0.3265625 0.02578125
3 0.10078125 0.96015625 0.046875 0.0234375
3 0.29765625 0.96015625 0.04375 0.02421875
3 0.5 0.96015625 0.05 0.0265625
3 0.696875 0.9609375 0.05 0.028125
3 0.8984375 0.9609375 0.05 0.028125