6 0.3296875 0.0734375 0.309375 0.028125
6 0.74921875 0.1421875 0.290625 0.0171875
6 0.25 0.14140625 0.0953125 0.0171875
6 0.5078125 0.64453125 0.6984375 0.03125
6 0.5015625 0.97734375 0.2109375 0.0171875
3 0.06796875 0.07109375 0.05 0.02890625
3 0.940625 0.0703125 0.0453125 0.02421875
3 0.0921875 0.959375 0.0484375 0.02421875
3 0.28046875 0.9609375 0.05 0.0265625
3 0.5078125 0.95234375 0.059375 0.0296875
3 0.7203125 0.9609375 0.0515625 0.028125
3 0.90078125 0.95859375 0.046875 0.0265625
7 0.49921875 0.71640625 0.234375 0.05078125
4 0.5 0.51171875 0.25 0.175