6 0.83359375 0.06640625 0.0859375 0.01953125
6 0.49921875 0.06796875 0.24375 0.0234375
6 0.16875 0.065625 0.121875 0.0203125
6 0.50078125 0.40390625 0.5625 0.01640625
6 0.54609375 0.440625 0.409375 0.0359375
6 0.5 0.796875 0.3671875 0.01640625
6 0.49921875 0.85 0.646875 0.07109375
3 0.1015625 0.96015625 0.046875 0.02890625
3 0.2890625 0.95625 0.075 0.03984375
3 0.5 0.9625 0.05625 0.0328125
3 0.7 0.96328125 0.0609375 0.0265625
3 0.9 0.96171875 0.05625 0.02890625
4 0.36953125 0.87265625 0.075 0.040625
4 0.2875 0.43984375 0.071875 0.0421875
4 0.50078125 0.2390625 0.9984375 0.2765625
4 0.50078125 0.63046875 0.9984375 0.27578125