6 0.83046875 0.22890625 0.259375 0.0171875
7 0.50078125 0.60703125 0.865625 0.07734375
7 0.49921875 0.51953125 0.865625 0.078125
6 0.49921875 0.4296875 0.821875 0.04765625
6 0.5015625 0.35859375 0.703125 0.0609375
6 0.7890625 0.18125 0.3390625 0.028125
3 0.14921875 0.2 0.221875 0.12265625
3 0.084375 0.06875 0.05 0.02734375
4 0.1828125 0.06640625 0.0734375 0.03046875
6 0.5 0.06875 0.1453125 0.01484375
6 0.9 0.97421875 0.0609375 0.009375
6 0.70078125 0.975 0.09375 0.009375
6 0.50078125 0.97421875 0.109375 0.01015625
6 0.30078125 0.97421875 0.09375 0.01015625
6 0.1 0.975 0.0859375 0.009375
3 0.1015625 0.93828125 0.059375 0.03359375
3 0.30078125 0.93828125 0.059375 0.03359375
3 0.5 0.93828125 0.05625 0.0328125
3 0.7 0.93828125 0.059375 0.03359375
3 0.9 0.93828125 0.059375 0.03359375