6 0.28125 0.42578125 0.1328125 0.0203125
6 0.0671875 0.07109375 0.059375 0.03671875
6 0.24765625 0.14140625 0.121875 0.01875
3 0.5875 0.07109375 0.0453125 0.02421875
3 0.7046875 0.07109375 0.059375 0.03359375
3 0.821875 0.07109375 0.0546875 0.03125
3 0.94296875 0.07265625 0.0453125 0.02578125
6 0.75 0.13984375 0.2953125 0.01875
4 0.10703125 0.23515625 0.125 0.0625
6 0.303125 0.2375 0.175 0.0265625
4 0.103125 0.33203125 0.1328125 0.04765625
6 0.26796875 0.3328125 0.103125 0.0265625
4 0.10546875 0.4234375 0.109375 0.05234375
4 0.1046875 0.5265625 0.1328125 0.0265625
6 0.3421875 0.521875 0.2578125 0.0203125
4 0.1046875 0.61640625 0.1328125 0.046875
6 0.3203125 0.62109375 0.2125 0.02578125
4 0.4984375 0.80078125 0.9640625 0.24609375
6 0.15234375 0.94296875 0.2125 0.015625
6 0.24609375 0.975 0.403125 0.0203125