6 0.14375 0.409375 0.184375 0.0203125
6 0.10234375 0.33828125 0.1046875 0.0203125
6 0.153125 0.26953125 0.2078125 0.01875
6 0.128125 0.20234375 0.1578125 0.0140625
2 0.5 0.41484375 0.903125 0.03671875
2 0.5 0.34375 0.903125 0.0328125
2 0.5 0.2765625 0.903125 0.03046875
2 0.49921875 0.209375 0.9046875 0.028125
6 0.2765625 0.075 0.2 0.03046875
6 0.35234375 0.15 0.6296875 0.02578125
6 0.2671875 0.490625 0.4546875 0.02421875
6 0.41640625 0.52578125 0.65 0.0203125
6 0.41796875 0.55859375 0.659375 0.0203125
6 0.19140625 0.59375 0.2 0.02421875
7 0.5 0.6625 0.921875 0.05078125
3 0.06796875 0.07109375 0.0421875 0.0234375
3 0.9015625 0.41015625 0.05625 0.02734375