6 0.39453125 0.39765625 0.15625 0.01875
6 0.9046875 0.4 0.121875 0.0234375
6 0.8375 0.72578125 0.246875 0.02421875
6 0.390625 0.7234375 0.1640625 0.0171875
4 0.25703125 0.88203125 0.4671875 0.23359375
4 0.74375 0.88203125 0.465625 0.23359375
4 0.25625 0.57109375 0.465625 0.26171875
4 0.74375 0.5703125 0.465625 0.2609375
4 0.25703125 0.24453125 0.4671875 0.26171875
4 0.74375 0.24453125 0.465625 0.26328125
3 0.94609375 0.0640625 0.0609375 0.03515625
4 0.5015625 0.065625 0.25625 0.03515625
7 0.11015625 0.06328125 0.1984375 0.03125