6 0.21953125 0.0796875 0.165625 0.03046875
6 0.190625 0.15546875 0.096875 0.01953125
6 0.3203125 0.1765625 0.3578125 0.01328125
6 0.18828125 0.21953125 0.090625 0.015625
6 0.26171875 0.24140625 0.240625 0.01328125
6 0.225 0.28515625 0.1671875 0.015625
6 0.2796875 0.30859375 0.2765625 0.015625
6 0.203125 0.35234375 0.1234375 0.01875
6 0.2984375 0.37421875 0.3140625 0.015625
6 0.3515625 0.41796875 0.4109375 0.01875
6 0.3296875 0.43984375 0.3625 0.015625
6 0.23046875 0.48359375 0.175 0.01953125
6 0.29140625 0.50546875 0.296875 0.015625
6 0.23359375 0.54921875 0.184375 0.01953125
6 0.34609375 0.57109375 0.4078125 0.015625
6 0.259375 0.61484375 0.234375 0.0171875
6 0.39375 0.63671875 0.5046875 0.015625
6 0.10703125 0.7140625 0.1359375 0.021875
6 0.1203125 0.77734375 0.159375 0.0171875
6 0.203125 0.84296875 0.33125 0.0171875
6 0.15703125 0.9109375 0.234375 0.021875
3 0.07109375 0.62265625 0.053125 0.02578125
4 0.07109375 0.5578125 0.0609375 0.02578125
3 0.07109375 0.49140625 0.0671875 0.03515625
3 0.0734375 0.4265625 0.059375 0.0234375
3 0.07109375 0.3609375 0.059375 0.02890625
4 0.07109375 0.29453125 0.059375 0.02109375
4 0.07109375 0.2296875 0.059375 0.01875
4 0.071875 0.1640625 0.0578125 0.03359375
3 0.078125 0.07734375 0.0828125 0.04375
1 0.421875 0.515625 0.84375 0.96640625