6 0.3234375 0.071875 0.2953125 0.01953125
6 0.50078125 0.22421875 0.840625 0.02109375
6 0.1890625 0.35390625 0.325 0.01953125
6 0.1734375 0.403125 0.225 0.01953125
6 0.259375 0.47109375 0.3953125 0.02578125
6 0.31328125 0.53671875 0.5015625 0.02265625
6 0.25703125 0.603125 0.3921875 0.02421875
6 0.35859375 0.66796875 0.59375 0.02578125
6 0.39375 0.73359375 0.6625 0.02578125
6 0.2640625 0.7984375 0.403125 0.02421875
6 0.190625 0.86484375 0.2609375 0.02578125
6 0.221875 0.93125 0.325 0.02421875
6 0.20546875 0.99140625 0.2890625 0.015625
3 0.0671875 0.07109375 0.040625 0.02265625
3 0.940625 0.0703125 0.0453125 0.02421875
4 0.49921875 0.22421875 0.9484375 0.190625