6 0.12578125 0.4359375 0.1375 0.0203125
6 0.603125 0.78984375 0.1296875 0.02109375
6 0.61015625 0.43515625 0.1453125 0.02109375
6 0.11796875 0.790625 0.121875 0.01953125
3 0.43125 0.86328125 0.0546875 0.028125
3 0.91484375 0.8640625 0.0546875 0.02890625
4 0.73984375 0.87890625 0.44375 0.0890625
4 0.2578125 0.87890625 0.446875 0.0890625
3 0.91875 0.43359375 0.0125 0.02109375
3 0.43671875 0.7875 0.009375 0.01953125
6 0.10078125 0.978125 0.0875 0.0140625
6 0.3 0.978125 0.1359375 0.01484375
6 0.49765625 0.978125 0.1046875 0.01484375
6 0.69765625 0.978125 0.0546875 0.01484375
6 0.89765625 0.978125 0.0625 0.01328125
3 0.896875 0.94921875 0.0546875 0.02890625
3 0.69921875 0.94921875 0.0515625 0.03046875
3 0.4984375 0.95 0.05 0.028125
3 0.29921875 0.94921875 0.0515625 0.02578125
3 0.1 0.95 0.05 0.028125
6 0.6421875 0.75859375 0.2046875 0.01875
6 0.72890625 0.70859375 0.38125 0.04765625
6 0.25078125 0.71015625 0.3875 0.04921875
3 0.91328125 0.509375 0.0546875 0.028125
4 0.740625 0.57421875 0.446875 0.18828125
3 0.4328125 0.509375 0.0515625 0.0265625
4 0.25859375 0.57421875 0.4453125 0.18828125
3 0.91875 0.7875 0.009375 0.01953125
6 0.6421875 0.403125 0.2046875 0.01875
6 0.73984375 0.35625 0.4015625 0.05
3 0.43671875 0.43359375 0.009375 0.01953125
6 0.184375 0.403125 0.2609375 0.01875
6 0.24765625 0.35390625 0.3828125 0.046875
3 0.91484375 0.1546875 0.0546875 0.028125
4 0.740625 0.21953125 0.4453125 0.18828125
3 0.4328125 0.15546875 0.0546875 0.02734375
4 0.25859375 0.21953125 0.4453125 0.18828125
3 0.0671875 0.07109375 0.040625 0.021875
6 0.34921875 0.07265625 0.34375 0.02421875
3 0.940625 0.07109375 0.046875 0.028125