6 0.30703125 0.07265625 0.3203125 0.03046875
3 0.06640625 0.07109375 0.0421875 0.02265625
3 0.940625 0.07109375 0.046875 0.02890625
4 0.25 0.20078125 0.4609375 0.1828125
6 0.13671875 0.32265625 0.2296875 0.01875
6 0.1359375 0.3515625 0.2328125 0.01875
4 0.25078125 0.49765625 0.459375 0.18359375
6 0.18984375 0.621875 0.34375 0.021875
6 0.1015625 0.6484375 0.1640625 0.01953125
4 0.25 0.8125 0.4609375 0.21953125
6 0.61015625 0.1359375 0.1828125 0.01875
6 0.62578125 0.16484375 0.2125 0.01953125
4 0.74921875 0.3171875 0.4625 0.1984375
6 0.728125 0.44921875 0.421875 0.021875
6 0.6015625 0.47578125 0.1640625 0.01953125
4 0.7484375 0.66015625 0.4609375 0.26015625
6 0.73125 0.821875 0.4296875 0.02265625
6 0.603125 0.84921875 0.171875 0.01953125
3 0.1 0.96015625 0.046875 0.0234375
3 0.29765625 0.96015625 0.04375 0.02421875
3 0.4984375 0.9609375 0.05 0.02578125
3 0.696875 0.96015625 0.05 0.02890625
3 0.89765625 0.9609375 0.0515625 0.028125