6 0.70859375 0.0890625 0.2421875 0.01953125
6 0.87265625 0.6765625 0.134375 0.0125
6 0.803125 0.70546875 0.2734375 0.0171875
6 0.81171875 0.73671875 0.2546875 0.02265625
6 0.7390625 0.76484375 0.0359375 0.0140625
3 0.82734375 0.765625 0.1234375 0.01328125
6 0.9171875 0.76484375 0.046875 0.01484375
6 0.8984375 0.98046875 0.1171875 0.0125
6 0.70078125 0.98046875 0.0875 0.0125
6 0.50234375 0.98046875 0.071875 0.0125
6 0.30234375 0.98046875 0.0828125 0.0125
6 0.10390625 0.98046875 0.103125 0.0125
3 0.10625 0.95234375 0.059375 0.03359375
3 0.303125 0.95234375 0.0578125 0.03046875
3 0.5015625 0.95234375 0.053125 0.0328125
3 0.70078125 0.95234375 0.059375 0.03046875
3 0.8984375 0.95234375 0.05 0.03125
7 0.5 0.878125 0.884375 0.071875
3 0.35234375 0.7921875 0.1234375 0.0140625
6 0.453125 0.79140625 0.065625 0.01484375
6 0.265625 0.79140625 0.0296875 0.01484375
6 0.35625 0.76328125 0.2578125 0.02265625
6 0.415625 0.6765625 0.1421875 0.01171875
6 0.284375 0.71875 0.403125 0.04453125
3 0.35078125 0.44140625 0.1234375 0.0140625
6 0.453125 0.44140625 0.0671875 0.01484375
6 0.25234375 0.440625 0.0546875 0.0140625
6 0.35546875 0.41171875 0.259375 0.0234375
6 0.38828125 0.325 0.196875 0.0125
6 0.278125 0.36875 0.4125 0.04921875
3 0.8078125 0.44140625 0.1234375 0.01328125
6 0.9078125 0.440625 0.065625 0.0140625
6 0.70859375 0.44140625 0.059375 0.01484375
6 0.8109375 0.4125 0.25625 0.02265625
6 0.86015625 0.32578125 0.159375 0.0125
6 0.7546875 0.36953125 0.371875 0.0484375
3 0.57109375 0.52109375 0.0359375 0.01875
4 0.728125 0.5703125 0.425 0.16015625
3 0.115625 0.52109375 0.0359375 0.01875
4 0.2734375 0.5703125 0.425 0.16015625
3 0.11640625 0.1703125 0.0390625 0.01953125
4 0.2734375 0.21953125 0.425 0.1609375
3 0.57109375 0.16953125 0.0359375 0.0171875
4 0.728125 0.21953125 0.425 0.1609375
3 0.8765625 0.08984375 0.028125 0.01484375
2 0.5 0.08984375 0.8703125 0.065625