6 0.31640625 0.07421875 0.4 0.02578125
6 0.4984375 0.875 0.2359375 0.02421875
6 0.4984375 0.15390625 0.4546875 0.02421875
7 0.5703125 0.97265625 0.065625 0.028125
3 0.9109375 0.97734375 0.053125 0.02734375
4 0.73984375 0.9734375 0.44375 0.0515625
3 0.43125 0.9765625 0.0546875 0.028125
7 0.090625 0.9734375 0.0671875 0.02890625
4 0.259375 0.9734375 0.44375 0.05234375
6 0.5 0.9140625 0.496875 0.02421875
4 0.07734375 0.43515625 0.11875 0.06640625
4 0.078125 0.52265625 0.1171875 0.065625
4 0.07734375 0.6109375 0.11875 0.065625
4 0.078125 0.6984375 0.1171875 0.06640625
4 0.07734375 0.7859375 0.11875 0.06640625
6 0.38515625 0.7890625 0.41875 0.02578125
6 0.3328125 0.7015625 0.309375 0.02578125
6 0.28203125 0.61171875 0.2140625 0.0203125
6 0.32890625 0.5265625 0.309375 0.02578125
6 0.365625 0.4390625 0.3796875 0.02421875
6 0.3484375 0.3515625 0.346875 0.02421875
4 0.07734375 0.34765625 0.11875 0.06640625
6 0.19921875 0.2625 0.0484375 0.01953125
4 0.07734375 0.26015625 0.11875 0.06640625
6 0.5 0.19453125 0.4109375 0.02421875
3 0.065625 0.071875 0.0484375 0.02734375
3 0.93046875 0.071875 0.0359375 0.02734375
2 0.49921875 0.07109375 0.959375 0.0546875