4 0.25625 0.9515625 0.465625 0.096875
4 0.74375 0.9515625 0.465625 0.096875
6 0.84921875 0.86171875 0.2296875 0.01875
6 0.39921875 0.86171875 0.1484375 0.01875
4 0.25546875 0.70859375 0.4671875 0.2625
4 0.74375 0.70859375 0.465625 0.2625
3 0.034375 0.52578125 0.021875 0.01953125
6 0.34453125 0.52421875 0.546875 0.0171875
6 0.871875 0.459375 0.2 0.02265625
3 0.8671875 0.4296875 0.215625 0.0203125
6 0.70078125 0.37890625 0.5515625 0.05625
6 0.45546875 0.42890625 0.196875 0.0140625
6 0.19296875 0.459375 0.1890625 0.02265625
3 0.18359375 0.4296875 0.2140625 0.0203125
6 0.146875 0.3796875 0.290625 0.05625
4 0.146875 0.22578125 0.290625 0.21015625
4 0.646875 0.22578125 0.65625 0.21015625
3 0.946875 0.0640625 0.0609375 0.034375
4 0.5015625 0.065625 0.25625 0.034375
7 0.109375 0.0625 0.196875 0.03125