6 0.32734375 0.06875 0.2515625 0.01953125
6 0.3984375 0.19453125 0.68125 0.08046875
6 0.34140625 0.41015625 0.5640625 0.028125
6 0.19921875 0.55078125 0.146875 0.03671875
6 0.5 0.55078125 0.1640625 0.03671875
6 0.8015625 0.55234375 0.1609375 0.040625
6 0.19921875 0.70625 0.171875 0.03671875
6 0.4984375 0.70625 0.1859375 0.03671875
6 0.8015625 0.70625 0.1609375 0.03671875
6 0.36171875 0.80703125 0.6078125 0.021875
6 0.12421875 0.984375 0.078125 0.0125
6 0.37421875 0.984375 0.1734375 0.0125
6 0.625 0.9859375 0.109375 0.015625
6 0.875 0.984375 0.1453125 0.01328125
3 0.8734375 0.9546875 0.05625 0.03125
3 0.6234375 0.95546875 0.05625 0.0265625
3 0.37421875 0.95546875 0.0578125 0.02890625
3 0.125 0.9546875 0.05625 0.03125
4 0.1984375 0.89609375 0.071875 0.03046875
4 0.49921875 0.89609375 0.06875 0.0328125
4 0.80078125 0.89609375 0.06875 0.03671875
4 0.19921875 0.6453125 0.0625 0.03828125
4 0.49921875 0.6453125 0.06875 0.03828125
4 0.80078125 0.6453125 0.06875 0.0375
4 0.1984375 0.490625 0.075 0.03984375
4 0.49921875 0.490625 0.0515625 0.040625
4 0.8 0.48984375 0.071875 0.0265625
3 0.1078125 0.296875 0.0453125 0.0265625
3 0.0671875 0.06953125 0.0484375 0.0203125
4 0.165625 0.06953125 0.0625 0.02890625
6 0.47109375 0.2984375 0.5921875 0.02421875
2 0.49921875 0.296875 0.9234375 0.078125