6 0.21015625 0.07578125 0.165625 0.01640625
6 0.92109375 0.9109375 0.0953125 0.02578125
6 0.92265625 0.51484375 0.084375 0.02421875
6 0.884375 0.9453125 0.16875 0.01953125
6 0.884375 0.5484375 0.16875 0.01875
6 0.80625 0.98046875 0.3265625 0.02578125
6 0.2953125 0.96328125 0.5296875 0.0546875
6 0.1671875 0.9109375 0.2734375 0.01953125
4 0.49921875 0.75703125 0.9984375 0.253125
6 0.7984375 0.58359375 0.3421875 0.02578125
6 0.2953125 0.5671875 0.5296875 0.0546875
6 0.19453125 0.51640625 0.325 0.02421875
4 0.49921875 0.3609375 0.9984375 0.25234375
6 0.1921875 0.20703125 0.3328125 0.02109375
3 0.93671875 0.0765625 0.0546875 0.028125
7 0.90078125 0.14921875 0.1515625 0.0546875
7 0.65078125 0.14921875 0.3015625 0.0546875
7 0.25078125 0.14921875 0.4515625 0.0546875
3 0.071875 0.07578125 0.0359375 0.0203125
2 0.434375 0.07578125 0.81875 0.05703125