6 0.74921875 0.10859375 0.296875 0.01875
6 0.24921875 0.10859375 0.121875 0.01875
6 0.49765625 0.321875 0.2375 0.021875
6 0.49921875 0.39921875 0.3234375 0.021875
4 0.50234375 0.1921875 0.09375 0.1
6 0.496875 0.36171875 0.7984375 0.021875
4 0.48671875 0.66796875 0.459375 0.2265625
6 0.49921875 0.83515625 0.2375 0.0171875
6 0.4921875 0.87734375 0.790625 0.02265625
3 0.47578125 0.9671875 0.046875 0.02421875
6 0.53203125 0.96796875 0.025 0.015625
6 0.49921875 0.9140625 0.340625 0.02265625
6 0.5328125 0.453125 0.034375 0.015625
3 0.4703125 0.45234375 0.046875 0.02421875