6 0.82265625 0.878125 0.1796875 0.02109375
6 0.784375 0.78671875 0.259375 0.021875
6 0.82421875 0.58984375 0.1765625 0.0171875
6 0.865625 0.4921875 0.096875 0.0171875
6 0.73828125 0.39609375 0.3484375 0.01640625
2 0.5 0.696875 0.834375 0.0375
3 0.05390625 0.06796875 0.0390625 0.021875
3 0.11796875 0.390625 0.0421875 0.02421875
3 0.11796875 0.4890625 0.0453125 0.01953125
3 0.11796875 0.5859375 0.03125 0.02578125
3 0.12109375 0.68203125 0.025 0.00859375
3 0.13046875 0.78046875 0.0453125 0.02578125
3 0.1171875 0.871875 0.034375 0.0265625
6 0.53828125 0.96796875 0.7578125 0.0546875
6 0.5 0.10078125 0.359375 0.0359375
7 0.50078125 0.1703125 0.8328125 0.06640625
7 0.5 0.25 0.834375 0.06796875
2 0.5 0.40078125 0.834375 0.0453125
2 0.5 0.5 0.834375 0.040625
2 0.50078125 0.5953125 0.8328125 0.0453125
2 0.5 0.7875 0.834375 0.03984375
2 0.50078125 0.88203125 0.8328125 0.0453125
6 0.77734375 0.68984375 0.2765625 0.01875