3 0.059375 0.07109375 0.0453125 0.028125
6 0.65078125 0.071875 0.34375 0.0234375
3 0.93203125 0.07109375 0.0390625 0.021875
6 0.759375 0.33359375 0.36875 0.01640625
6 0.82578125 0.36484375 0.234375 0.0203125
6 0.840625 0.396875 0.2046875 0.01875
6 0.8875 0.42890625 0.1140625 0.02109375
3 0.5640625 0.42734375 0.0109375 0.0203125
4 0.740625 0.21328125 0.44375 0.1875
3 0.56953125 0.1484375 0.053125 0.0265625
4 0.25859375 0.21328125 0.4453125 0.1875
3 0.0859375 0.1484375 0.05625 0.02734375
6 0.275 0.334375 0.371875 0.0171875
6 0.30546875 0.3625 0.309375 0.01640625
6 0.3359375 0.39609375 0.253125 0.01875
6 0.403125 0.4296875 0.1171875 0.0203125
3 0.08046875 0.42734375 0.0109375 0.0203125
6 0.746875 0.68984375 0.3921875 0.021875
6 0.82734375 0.71875 0.234375 0.021875
6 0.8796875 0.78359375 0.1265625 0.0203125
3 0.5640625 0.78203125 0.0109375 0.0203125
6 0.2609375 0.68984375 0.396875 0.021875
6 0.371875 0.71953125 0.1828125 0.02109375
6 0.3578125 0.7515625 0.2046875 0.0171875
6 0.4 0.78359375 0.121875 0.02109375
3 0.08125 0.78125 0.009375 0.01953125
4 0.74140625 0.56796875 0.4453125 0.18828125
4 0.259375 0.56796875 0.4453125 0.1890625
3 0.56796875 0.50234375 0.053125 0.0265625
3 0.08515625 0.50234375 0.0546875 0.02734375
4 0.259375 0.875 0.4453125 0.09453125
3 0.08515625 0.85703125 0.0546875 0.02734375
4 0.740625 0.875 0.446875 0.09453125
3 0.56796875 0.85703125 0.053125 0.0265625
6 0.90078125 0.978125 0.0875 0.0140625
6 0.6984375 0.97890625 0.1359375 0.0140625
6 0.50234375 0.978125 0.1046875 0.015625
6 0.30234375 0.978125 0.0546875 0.0140625
6 0.10234375 0.978125 0.065625 0.01484375
3 0.9 0.95 0.05 0.028125
3 0.70078125 0.94921875 0.0515625 0.02578125
3 0.50078125 0.95 0.0515625 0.02890625
3 0.3015625 0.94921875 0.05 0.03046875
3 0.103125 0.94921875 0.0546875 0.0296875