6 0.628125 0.396875 0.203125 0.02421875
6 0.0953125 0.39453125 0.115625 0.0203125
6 0.578125 0.7203125 0.1015625 0.0203125
6 0.13359375 0.7203125 0.1890625 0.0203125
4 0.74375 0.88125 0.465625 0.23671875
4 0.25625 0.88125 0.465625 0.23671875
4 0.74453125 0.56875 0.4671875 0.26171875
4 0.25625 0.56875 0.465625 0.26171875
4 0.74375 0.2421875 0.465625 0.26171875
4 0.25625 0.2421875 0.465625 0.2625
3 0.053125 0.0640625 0.0609375 0.034375
4 0.4984375 0.065625 0.25625 0.03515625
7 0.890625 0.06328125 0.196875 0.03125