6 0.4703125 0.096875 0.59375 0.02578125
7 0.4984375 0.86640625 0.921875 0.059375
6 0.4 0.18828125 0.4703125 0.0203125
6 0.26796875 0.2703125 0.203125 0.02109375
6 0.34921875 0.35390625 0.365625 0.021875
6 0.2625 0.4359375 0.1921875 0.01640625
6 0.225 0.521875 0.1203125 0.02109375
6 0.39609375 0.6046875 0.4609375 0.02109375
6 0.2765625 0.6859375 0.225 0.0171875
6 0.31640625 0.77265625 0.303125 0.02109375
6 0.12421875 0.984375 0.078125 0.0125
6 0.37421875 0.984375 0.1734375 0.01328125
6 0.625 0.9859375 0.109375 0.015625
6 0.8734375 0.984375 0.1453125 0.01328125
3 0.8734375 0.9546875 0.05625 0.03125
3 0.62421875 0.95546875 0.0546875 0.0265625
3 0.37421875 0.95546875 0.0578125 0.028125
3 0.125 0.9546875 0.05625 0.03125
4 0.096875 0.76953125 0.0625 0.02734375
4 0.096875 0.68515625 0.06875 0.0375
4 0.096875 0.60234375 0.071875 0.040625
4 0.096875 0.51796875 0.059375 0.034375
4 0.09765625 0.43515625 0.084375 0.046875
4 0.096875 0.3515625 0.04375 0.040625
4 0.09765625 0.26875 0.0625 0.03515625
4 0.096875 0.18515625 0.0671875 0.02890625
3 0.10703125 0.09453125 0.046875 0.0265625
2 0.49921875 0.09453125 0.9234375 0.07734375