6 0.9234375 0.475 0.15 0.0734375
6 0.92109375 0.3609375 0.1421875 0.05078125
3 0.92421875 0.41328125 0.1484375 0.01953125
6 0.140625 0.80390625 0.2296875 0.0546875
6 0.6265625 0.80078125 0.378125 0.05078125
3 0.54453125 0.41328125 0.2140625 0.01953125
4 0.63046875 0.25625 0.3890625 0.1296875
6 0.91875 0.784375 0.1328125 0.01640625
4 0.63125 0.69609375 0.390625 0.13125
4 0.92421875 0.696875 0.1484375 0.12890625
4 0.21953125 0.69609375 0.3890625 0.13125
6 0.615625 0.475 0.359375 0.0734375
4 0.92421875 0.25625 0.1484375 0.1296875
6 0.2765625 0.590625 0.4953125 0.0296875
6 0.6140625 0.36328125 0.346875 0.05546875
6 0.2125 0.4421875 0.378125 0.07578125
3 0.13203125 0.37890625 0.2140625 0.01953125
6 0.190625 0.34375 0.3265625 0.01640625
6 0.91953125 0.15234375 0.109375 0.01484375
6 0.246875 0.146875 0.434375 0.02421875
4 0.21953125 0.25625 0.3890625 0.1296875
6 0.1 0.9921875 0.0859375 0.0140625
6 0.30078125 0.990625 0.09375 0.01171875
6 0.50078125 0.9921875 0.1078125 0.0140625
6 0.7 0.9921875 0.109375 0.0140625
6 0.9015625 0.99140625 0.075 0.0125
3 0.90078125 0.959375 0.0515625 0.0296875
3 0.69921875 0.96015625 0.0734375 0.03125
3 0.50078125 0.959375 0.059375 0.03359375
3 0.29921875 0.959375 0.065625 0.03359375
3 0.1 0.959375 0.0640625 0.0359375
3 0.9390625 0.06796875 0.053125 0.0296875
3 0.81484375 0.06875 0.071875 0.0296875
6 0.15859375 0.06953125 0.134375 0.02109375
3 0.0609375 0.0703125 0.05625 0.02421875