6 0.734375 0.13125 0.45625 0.059375
6 0.86875 0.21640625 0.1875 0.01953125
6 0.8359375 0.32265625 0.246875 0.0296875
6 0.15078125 0.31875 0.1046875 0.0234375
3 0.0703125 0.31796875 0.01875 0.015625
6 0.5 0.67421875 0.584375 0.04453125
4 0.50234375 0.54375 0.246875 0.1390625
6 0.49921875 0.76640625 0.2875 0.0234375
3 0.7 0.96640625 0.05 0.02890625
3 0.50078125 0.96640625 0.0515625 0.0265625
3 0.30078125 0.96640625 0.040625 0.02890625
3 0.10234375 0.96640625 0.0125 0.0234375
3 0.9 0.96640625 0.05 0.02890625