6 0.18203125 0.5640625 0.096875 0.0171875
6 0.78125 0.828125 0.2984375 0.02265625
6 0.7953125 0.7375 0.271875 0.01953125
6 0.3640625 0.65078125 0.2390625 0.01953125
6 0.82890625 0.653125 0.2 0.02265625
6 0.62421875 0.565625 0.0703125 0.0234375
6 0.8515625 0.565625 0.159375 0.02265625
6 0.7296875 0.47578125 0.396875 0.01953125
6 0.734375 0.3890625 0.3890625 0.01875
6 0.38671875 0.30078125 0.1875 0.01875
6 0.8328125 0.30078125 0.196875 0.01875
4 0.50078125 0.09140625 0.2265625 0.040625
6 0.525 0.20078125 0.8109375 0.10390625
6 0.509375 0.96953125 0.8421875 0.05625
2 0.27734375 0.8328125 0.415625 0.0328125
2 0.72421875 0.8328125 0.415625 0.0328125
2 0.50078125 0.74453125 0.8625 0.03359375
2 0.27734375 0.65703125 0.415625 0.0328125
2 0.72421875 0.6578125 0.415625 0.03046875
2 0.15 0.57109375 0.1609375 0.0296875
2 0.46171875 0.56953125 0.3984375 0.0328125
2 0.81171875 0.56953125 0.240625 0.0328125
2 0.50078125 0.4828125 0.8625 0.0328125
2 0.50078125 0.3953125 0.8625 0.03046875
2 0.27734375 0.3078125 0.415625 0.03046875
2 0.72421875 0.3046875 0.415625 0.0375