3 0.059375 0.5578125 0.0515625 0.02421875
3 0.059375 0.37109375 0.05 0.02421875
3 0.059375 0.184375 0.0515625 0.02578125
6 0.6984375 0.8078125 0.521875 0.03359375
6 0.50078125 0.6265625 0.4734375 0.01875
6 0.56171875 0.5703125 0.215625 0.015625
6 0.371875 0.53203125 0.5921875 0.0203125
6 0.50625 0.4625 0.3265625 0.06640625
6 0.5875 0.384375 0.1609375 0.01640625
6 0.47265625 0.34609375 0.390625 0.01953125
6 0.48203125 0.2796875 0.375 0.0734375
6 0.56484375 0.15546875 0.2078125 0.02109375
6 0.46171875 0.115625 0.415625 0.0203125
6 0.459375 0.07109375 0.41875 0.0296875
4 0.840625 0.4890625 0.2453125 0.13828125
4 0.840625 0.30234375 0.2453125 0.13828125
4 0.83984375 0.115625 0.24375 0.13828125
3 0.9 0.96640625 0.05 0.02890625
3 0.70078125 0.96640625 0.0515625 0.02890625
3 0.50078125 0.965625 0.0515625 0.02578125
3 0.3015625 0.96640625 0.0421875 0.0296875
3 0.10078125 0.96640625 0.0125 0.0234375