6 0.81328125 0.3359375 0.2015625 0.0203125
6 0.76484375 0.25859375 0.2984375 0.0203125
6 0.809375 0.18125 0.209375 0.0203125
6 0.49921875 0.8140625 0.8265625 0.04765625
7 0.5 0.72109375 0.853125 0.075
7 0.5015625 0.54296875 0.853125 0.07578125
6 0.49921875 0.63125 0.0515625 0.015625
6 0.50703125 0.44453125 0.45625 0.02265625
6 0.7453125 0.38125 0.3375 0.015625
6 0.7640625 0.0703125 0.096875 0.021875
3 0.93203125 0.07109375 0.0359375 0.0203125
2 0.50078125 0.1875 0.834375 0.03359375
2 0.50078125 0.26484375 0.834375 0.03359375
6 0.14609375 0.3375 0.1171875 0.01875
2 0.50078125 0.34140625 0.834375 0.0328125