4 0.25625 0.88515625 0.465625 0.228125
4 0.74296875 0.88515625 0.4640625 0.228125
6 0.8828125 0.728125 0.165625 0.01953125
6 0.39453125 0.7296875 0.1609375 0.0171875
4 0.25625 0.57578125 0.465625 0.26171875
4 0.74375 0.57578125 0.465625 0.26171875
6 0.8609375 0.4046875 0.2 0.02421875
6 0.41484375 0.403125 0.115625 0.01875
4 0.2546875 0.25078125 0.465625 0.26171875
4 0.74375 0.25078125 0.465625 0.26171875
3 0.94609375 0.0640625 0.0609375 0.03515625
4 0.5015625 0.065625 0.25625 0.03515625
7 0.109375 0.0625 0.196875 0.03125