3 0.89765625 0.9609375 0.0515625 0.028125
3 0.696875 0.96015625 0.05 0.02890625
3 0.4984375 0.9609375 0.05 0.02578125
3 0.29765625 0.96015625 0.04375 0.02578125
3 0.09921875 0.9609375 0.046875 0.0234375
6 0.184375 0.90390625 0.2875 0.02578125
6 0.16328125 0.828125 0.246875 0.02578125
6 0.184375 0.74921875 0.284375 0.0203125
6 0.1703125 0.67265625 0.259375 0.0203125
6 0.22265625 0.59609375 0.365625 0.0203125
6 0.196875 0.51953125 0.31875 0.02109375
4 0.49921875 0.2953125 0.9984375 0.371875
6 0.33671875 0.071875 0.3203125 0.0234375
3 0.06875 0.07109375 0.040625 0.02265625