6 0.31796875 0.07421875 0.4 0.02578125
6 0.325 0.92421875 0.2953125 0.02421875
6 0.4390625 0.83515625 0.521875 0.01953125
6 0.40078125 0.74921875 0.4484375 0.02578125
6 0.2625 0.66171875 0.171875 0.02578125
6 0.40859375 0.5734375 0.4609375 0.02265625
6 0.31953125 0.48671875 0.284375 0.02578125
6 0.31953125 0.4 0.284375 0.0234375
6 0.35234375 0.31015625 0.3546875 0.0203125
6 0.29765625 0.22265625 0.24375 0.01953125
3 0.93046875 0.071875 0.0359375 0.02734375
2 0.4984375 0.07109375 0.9609375 0.05546875
3 0.06640625 0.07109375 0.046875 0.0265625
4 0.078125 0.98125 0.15625 0.03515625
4 0.078125 0.9203125 0.15625 0.0875
4 0.078125 0.8328125 0.15625 0.0875
4 0.078125 0.74609375 0.15625 0.0875
4 0.078125 0.65859375 0.15625 0.0875
4 0.078125 0.57109375 0.15625 0.0875
4 0.078125 0.48359375 0.15625 0.0875
4 0.078125 0.39609375 0.15625 0.0875
4 0.078125 0.30859375 0.15625 0.0875
4 0.078125 0.2203125 0.15625 0.0890625
6 0.171875 0.14375 0.265625 0.01484375