6 0.7859375 0.80234375 0.346875 0.02265625
6 0.86640625 0.7234375 0.1859375 0.01875
6 0.9078125 0.64609375 0.1046875 0.01953125
6 0.85625 0.56875 0.2078125 0.0171875
6 0.85546875 0.49140625 0.20625 0.01953125
2 0.5 0.80546875 0.921875 0.0328125
2 0.5015625 0.7296875 0.921875 0.0296875
2 0.5 0.6515625 0.921875 0.03046875
2 0.50078125 0.575 0.9234375 0.0296875
2 0.50078125 0.496875 0.9234375 0.03125
6 0.7421875 0.075 0.1625 0.03046875
6 0.74296875 0.396875 0.18125 0.02734375
6 0.5 0.95625 0.4453125 0.01953125
7 0.5015625 0.87578125 0.921875 0.06796875
3 0.93125 0.07109375 0.040625 0.021875
3 0.93203125 0.39609375 0.0359375 0.0203125
4 0.5 0.22109375 0.328125 0.184375
5 0.50078125 0.678125 0.9984375 0.6421875