6 0.31640625 0.075 0.28125 0.02421875
6 0.25390625 0.4109375 0.153125 0.01640625
6 0.74453125 0.41328125 0.0828125 0.02109375
6 0.25546875 0.73203125 0.1 0.0171875
6 0.74453125 0.73125 0.1859375 0.0171875
6 0.871875 0.9796875 0.215625 0.02109375
3 0.86484375 0.94765625 0.046875 0.0265625
3 0.64921875 0.96015625 0.0515625 0.02890625
3 0.46484375 0.95859375 0.046875 0.02734375
3 0.278125 0.96171875 0.0515625 0.02578125
3 0.09296875 0.96015625 0.05 0.02421875
3 0.93828125 0.07109375 0.0515625 0.02890625
3 0.8234375 0.07109375 0.0453125 0.02421875
3 0.06796875 0.07109375 0.05 0.02890625
4 0.25390625 0.25234375 0.471875 0.26640625
4 0.74453125 0.25234375 0.471875 0.26640625
4 0.25390625 0.57265625 0.471875 0.26484375
4 0.74453125 0.57265625 0.471875 0.26484375
4 0.25390625 0.84140625 0.471875 0.16015625
4 0.74453125 0.840625 0.471875 0.1609375