6 0.17578125 0.7171875 0.1765625 0.0171875
6 0.13515625 0.61953125 0.096875 0.0171875
6 0.49921875 0.07109375 0.415625 0.01640625
6 0.49921875 0.13203125 0.4515625 0.02734375
6 0.4984375 0.1796875 0.403125 0.0171875
6 0.4984375 0.215625 0.475 0.0171875
6 0.771875 0.3125 0.2875 0.021875
6 0.15859375 0.31015625 0.1390625 0.0265625
6 0.5 0.5390625 0.4609375 0.021875
6 0.09921875 0.984375 0.134375 0.01328125
6 0.2984375 0.98359375 0.0921875 0.01015625
6 0.49921875 0.984375 0.09375 0.01328125
6 0.69921875 0.984375 0.109375 0.01328125
6 0.89921875 0.9828125 0.0828125 0.01171875
6 0.271875 0.8015625 0.378125 0.01953125
3 0.934375 0.13203125 0.0375 0.02109375
3 0.88203125 0.61640625 0.0453125 0.01875
3 0.88125 0.71328125 0.0328125 0.02578125
4 0.49921875 0.1890625 0.9984375 0.1609375
7 0.50078125 0.37421875 0.8328125 0.06640625
7 0.50078125 0.45390625 0.8328125 0.06640625
7 0.49921875 0.87109375 0.8328125 0.06640625
3 0.09921875 0.95078125 0.0625 0.0375
3 0.2984375 0.9515625 0.0640625 0.0375
3 0.49765625 0.9515625 0.0484375 0.03828125
4 0.6984375 0.95078125 0.04375 0.0375
3 0.8984375 0.9515625 0.0671875 0.0359375
2 0.50078125 0.7234375 0.8328125 0.04453125
2 0.5 0.62734375 0.834375 0.04140625