6 0.1390625 0.4484375 0.15625 0.015625
6 0.17734375 0.35546875 0.2328125 0.015625
7 0.49921875 0.8203125 0.921875 0.0703125
6 0.5 0.74140625 0.48125 0.01875
6 0.50078125 0.66796875 0.29375 0.01953125
7 0.49921875 0.57890625 0.921875 0.0703125
2 0.49921875 0.45 0.921875 0.05703125
2 0.49921875 0.35703125 0.921875 0.0578125
6 0.13203125 0.40390625 0.1640625 0.0140625
6 0.09609375 0.31015625 0.090625 0.0140625
6 0.5 0.1359375 0.146875 0.02578125
3 0.0609375 0.059375 0.025 0.0234375
4 0.37109375 0.059375 0.046875 0.0296875
6 0.528125 0.059375 0.25 0.02109375
7 0.75234375 0.20859375 0.415625 0.07109375
7 0.246875 0.20859375 0.415625 0.07109375