4 0.1609375 0.12734375 0.2453125 0.13828125
6 0.53828125 0.1875 0.415625 0.05625
6 0.63515625 0.10078125 0.6125 0.06796875
3 0.940625 0.1953125 0.053125 0.0265625
6 0.6375 0.2875 0.6171875 0.06875
6 0.584375 0.3765625 0.5109375 0.0609375
3 0.940625 0.38203125 0.0515625 0.0265625
4 0.159375 0.31328125 0.2453125 0.13828125
4 0.159375 0.5 0.2453125 0.13828125
6 0.534375 0.4546875 0.403125 0.0296875
6 0.5265625 0.51875 0.3921875 0.06171875
6 0.5 0.6375 0.475 0.01875
6 0.2859375 0.81875 0.496875 0.03359375
4 0.49921875 0.90234375 0.9234375 0.06484375
3 0.1 0.96640625 0.05 0.02890625
3 0.29921875 0.96640625 0.0515625 0.02890625
3 0.49921875 0.965625 0.0515625 0.02578125
3 0.6984375 0.96640625 0.0421875 0.02890625
3 0.8984375 0.96640625 0.0140625 0.0234375
3 0.940625 0.56875 0.053125 0.02578125