6 0.63046875 0.39375 0.20625 0.02421875
6 0.14453125 0.3953125 0.2109375 0.02265625
4 0.25546875 0.56484375 0.4640625 0.26171875
6 0.128125 0.7171875 0.178125 0.0203125
6 0.58671875 0.7203125 0.1265625 0.02421875
4 0.7453125 0.8796875 0.465625 0.2390625
4 0.25625 0.87890625 0.465625 0.23984375
4 0.74453125 0.56484375 0.4671875 0.26171875
4 0.74375 0.2390625 0.465625 0.2625
4 0.25703125 0.2390625 0.4640625 0.2625
3 0.053125 0.06328125 0.0609375 0.034375
4 0.4984375 0.065625 0.25625 0.034375
7 0.88984375 0.0625 0.1984375 0.03125