6 0.49921875 0.0703125 0.2625 0.0171875
6 0.8890625 0.1453125 0.1453125 0.0171875
6 0.2140625 0.1484375 0.35 0.0265625
6 0.45390625 0.21640625 0.834375 0.05703125
6 0.15546875 0.49609375 0.2140625 0.05390625
6 0.64453125 0.48046875 0.35625 0.021875
6 0.94296875 0.478125 0.1109375 0.01640625
6 0.94296875 0.5125 0.1109375 0.01484375
6 0.525 0.51171875 0.1109375 0.015625
6 0.10703125 0.54765625 0.1109375 0.015625
6 0.215625 0.64609375 0.3578125 0.02734375
6 0.8890625 0.64296875 0.1453125 0.0171875
6 0.2515625 0.69609375 0.425 0.021875
6 0.09921875 0.984375 0.134375 0.01328125
6 0.2984375 0.9828125 0.0921875 0.01171875
6 0.49921875 0.984375 0.09375 0.01328125
6 0.69921875 0.984375 0.109375 0.01328125
6 0.89765625 0.98359375 0.0828125 0.01015625
3 0.1 0.9515625 0.0609375 0.03828125
3 0.2984375 0.9515625 0.0640625 0.0375
3 0.49765625 0.9515625 0.0484375 0.03828125
4 0.6984375 0.95078125 0.04375 0.0375
3 0.89765625 0.9515625 0.065625 0.03515625
4 0.234375 0.35859375 0.371875 0.1609375
4 0.653125 0.359375 0.371875 0.16015625
4 0.9421875 0.35859375 0.1125 0.1609375
4 0.234375 0.83203125 0.371875 0.18203125
4 0.653125 0.83125 0.371875 0.1828125
4 0.94296875 0.83203125 0.1109375 0.18203125