3 0.921875 0.090625 0.040625 0.02890625
6 0.6875 0.09296875 0.3140625 0.02265625
3 0.92265625 0.1875 0.0515625 0.02890625
6 0.65546875 0.19140625 0.3703125 0.0296875
3 0.92265625 0.28359375 0.0515625 0.02890625
6 0.7421875 0.2875 0.2046875 0.0296875
7 0.5015625 0.88203125 0.921875 0.06171875
3 0.9 0.96640625 0.05 0.02890625
3 0.70078125 0.96640625 0.0515625 0.02890625
3 0.50078125 0.96640625 0.0515625 0.0265625
3 0.3015625 0.96640625 0.0421875 0.02890625
3 0.1015625 0.96640625 0.0140625 0.0234375