4 0.83984375 0.7984375 0.24375 0.13671875
4 0.83984375 0.56953125 0.24375 0.13671875
4 0.8390625 0.34140625 0.2453125 0.13828125
3 0.9515625 0.0265625 0.0421875 0.02421875
6 0.49765625 0.18515625 0.6375 0.02421875
6 0.584375 0.09609375 0.128125 0.0296875
4 0.496875 0.07890625 0.50625 0.1578125
6 0.2828125 0.31328125 0.484375 0.0703125
6 0.32265625 0.4046875 0.56875 0.06796875
6 0.30625 0.5421875 0.5296875 0.0703125
6 0.315625 0.6359375 0.553125 0.07265625
6 0.28515625 0.771875 0.4875 0.07109375
6 0.353125 0.85234375 0.628125 0.046875
6 0.82265625 0.9875 0.0546875 0.01328125
6 0.1734375 0.98671875 0.0453125 0.0125
4 0.17421875 0.9609375 0.0765625 0.02578125
6 0.4984375 0.9859375 0.0640625 0.01171875
3 0.49921875 0.96171875 0.04375 0.02421875
3 0.821875 0.96015625 0.04375 0.02265625