6 0.60546875 0.39765625 0.15625 0.01875
6 0.0953125 0.4 0.121875 0.0234375
6 0.1625 0.72578125 0.246875 0.02421875
6 0.609375 0.7234375 0.1640625 0.0171875
4 0.74296875 0.88203125 0.4671875 0.23359375
4 0.25625 0.88203125 0.465625 0.23359375
4 0.74375 0.57109375 0.465625 0.26171875
4 0.25625 0.5703125 0.465625 0.2609375
4 0.74296875 0.24453125 0.4671875 0.26171875
4 0.25625 0.24453125 0.465625 0.26328125
3 0.05390625 0.0640625 0.0609375 0.03515625
4 0.4984375 0.065625 0.25625 0.03515625
7 0.88984375 0.06328125 0.1984375 0.03125