6 0.68359375 0.075 0.28125 0.02421875
6 0.74609375 0.4109375 0.153125 0.01640625
6 0.25546875 0.41328125 0.0828125 0.02109375
6 0.74453125 0.73203125 0.1 0.0171875
6 0.25546875 0.73125 0.1859375 0.0171875
6 0.128125 0.9796875 0.215625 0.02109375
3 0.13515625 0.94765625 0.046875 0.0265625
3 0.35078125 0.96015625 0.0515625 0.02890625
3 0.53515625 0.95859375 0.046875 0.02734375
3 0.721875 0.96171875 0.0515625 0.02578125
3 0.90703125 0.96015625 0.05 0.02421875
3 0.06171875 0.07109375 0.0515625 0.02890625
3 0.1765625 0.07109375 0.0453125 0.02421875
3 0.93203125 0.07109375 0.05 0.02890625
4 0.74609375 0.25234375 0.471875 0.26640625
4 0.25546875 0.25234375 0.471875 0.26640625
4 0.74609375 0.57265625 0.471875 0.26484375
4 0.25546875 0.57265625 0.471875 0.26484375
4 0.74609375 0.84140625 0.471875 0.16015625
4 0.25546875 0.840625 0.471875 0.1609375