6 0.68203125 0.0734375 0.4 0.0234375
4 0.921875 0.1578125 0.11875 0.06640625
4 0.92265625 0.2453125 0.11875 0.06640625
4 0.921875 0.3328125 0.1171875 0.065625
4 0.92265625 0.42109375 0.11875 0.065625
4 0.92265625 0.50859375 0.11875 0.065625
4 0.921875 0.59609375 0.11875 0.065625
4 0.92265625 0.68359375 0.11875 0.065625
4 0.921875 0.7703125 0.1171875 0.06484375
4 0.92265625 0.85703125 0.11875 0.06640625
4 0.921875 0.9453125 0.1171875 0.06640625
6 0.703125 0.95 0.2453125 0.0234375
6 0.7 0.86171875 0.246875 0.02578125
6 0.69921875 0.77421875 0.246875 0.02578125
6 0.65703125 0.6875 0.334375 0.02265625
6 0.596875 0.59921875 0.453125 0.02578125
6 0.653125 0.5125 0.3453125 0.0234375
6 0.64609375 0.42421875 0.353125 0.02421875
6 0.715625 0.33671875 0.2140625 0.02421875
6 0.53828125 0.25 0.571875 0.02578125
6 0.6 0.1625 0.45 0.02578125
3 0.93359375 0.07109375 0.046875 0.0265625
3 0.06953125 0.071875 0.0359375 0.0265625
2 0.50078125 0.07109375 0.959375 0.0546875