3 0.43515625 0.78046875 0.009375 0.01953125
6 0.121875 0.7828125 0.13125 0.0203125
6 0.2203125 0.75078125 0.3265625 0.01875
6 0.253125 0.70390625 0.39375 0.05
3 0.91953125 0.4265625 0.0109375 0.0203125
6 0.603125 0.428125 0.1296875 0.02109375
6 0.6421875 0.39609375 0.2046875 0.01875
6 0.73671875 0.34921875 0.396875 0.05
3 0.91875 0.78046875 0.009375 0.01953125
6 0.59609375 0.78359375 0.1140625 0.02109375
6 0.6421875 0.7515625 0.2046875 0.0171875
6 0.73671875 0.70234375 0.3984375 0.04765625
3 0.43515625 0.42734375 0.009375 0.01953125
6 0.12109375 0.428125 0.128125 0.0203125
6 0.159375 0.396875 0.203125 0.01640625
6 0.24921875 0.35 0.384375 0.04921875
3 0.9140625 0.85625 0.05625 0.028125
4 0.740625 0.875 0.4453125 0.09609375
3 0.43203125 0.85625 0.053125 0.0265625
4 0.2578125 0.875 0.44375 0.09609375
3 0.43203125 0.50234375 0.053125 0.0265625
4 0.25859375 0.5671875 0.4453125 0.18828125
3 0.9140625 0.5015625 0.053125 0.0265625
4 0.74140625 0.5671875 0.4453125 0.18828125
3 0.9140625 0.14765625 0.053125 0.0265625
4 0.740625 0.21171875 0.4453125 0.18828125
3 0.43125 0.146875 0.0546875 0.02734375
4 0.25859375 0.2125 0.4453125 0.18828125
3 0.0671875 0.07109375 0.040625 0.021875
6 0.34921875 0.07265625 0.34375 0.02578125
3 0.940625 0.07109375 0.0453125 0.028125
6 0.1 0.97890625 0.0890625 0.0140625
6 0.3015625 0.978125 0.1359375 0.01484375
6 0.49765625 0.978125 0.1046875 0.015625
6 0.69765625 0.978125 0.0546875 0.01484375
6 0.8984375 0.978125 0.0640625 0.01484375
3 0.89609375 0.94921875 0.05625 0.03046875
3 0.69921875 0.94921875 0.0515625 0.0296875
3 0.49921875 0.95 0.0515625 0.028125
3 0.3 0.94921875 0.05 0.02578125
3 0.09921875 0.95 0.0515625 0.02890625