6 0.3203125 0.071875 0.2875 0.0265625
6 0.2125 0.5265625 0.3453125 0.02890625
6 0.24296875 0.59453125 0.403125 0.028125
6 0.259375 0.6609375 0.4375 0.02890625
6 0.1234375 0.978125 0.0890625 0.01484375
6 0.37421875 0.98046875 0.1625 0.01953125
6 0.62265625 0.978125 0.0984375 0.01484375
6 0.87265625 0.978125 0.0546875 0.015625
3 0.87421875 0.94921875 0.0515625 0.02890625
3 0.62421875 0.95 0.034375 0.028125
3 0.37421875 0.95 0.0515625 0.0265625
3 0.125 0.95 0.0453125 0.02578125
3 0.91171875 0.659375 0.0265625 0.00859375
3 0.06796875 0.06953125 0.05 0.0203125
4 0.49921875 0.30078125 0.9984375 0.3828125