6 0.10546875 0.928125 0.134375 0.0171875
6 0.24140625 0.8984375 0.40625 0.01484375
6 0.109375 0.87109375 0.14375 0.0171875
6 0.5765625 0.96328125 0.08125 0.01953125
6 0.60625 0.928125 0.140625 0.01875
6 0.74609375 0.9 0.4171875 0.01953125
6 0.609375 0.87109375 0.146875 0.01953125
3 0.3609375 0.56015625 0.0453125 0.02265625
3 0.853125 0.559375 0.0453125 0.02421875
6 0.90859375 0.559375 0.0421875 0.015625
6 0.41328125 0.56015625 0.0328125 0.0140625
6 0.69375 0.4734375 0.315625 0.01484375
6 0.60546875 0.440625 0.1390625 0.01875
6 0.740625 0.4125 0.409375 0.01875
6 0.58046875 0.38046875 0.090625 0.015625
6 0.23203125 0.47265625 0.3921875 0.015625
6 0.1078125 0.440625 0.14375 0.01875
6 0.2453125 0.4125 0.415625 0.01875
6 0.11015625 0.3828125 0.146875 0.01875
6 0.153125 0.34921875 0.234375 0.01875
4 0.24921875 0.709375 0.259375 0.04765625
4 0.7484375 0.70859375 0.2390625 0.1609375
4 0.74609375 0.22734375 0.2953125 0.13203125
4 0.24765625 0.22109375 0.21875 0.16015625
3 0.94375 0.07265625 0.04375 0.02578125
3 0.821875 0.0703125 0.0546875 0.03046875
3 0.7046875 0.07109375 0.059375 0.03359375
3 0.5875 0.0703125 0.04375 0.02421875
6 0.309375 0.0703125 0.346875 0.021875
3 0.06796875 0.071875 0.0390625 0.02265625