6 0.25703125 0.63046875 0.3953125 0.0234375
6 0.165625 0.51953125 0.209375 0.02265625
6 0.23984375 0.41015625 0.3546875 0.0296875
6 0.11953125 0.29765625 0.1171875 0.021875
6 0.13203125 0.190625 0.1453125 0.015625
7 0.5 0.95 0.884375 0.06640625
6 0.40078125 0.88203125 0.6484375 0.02734375
6 0.45546875 0.74921875 0.796875 0.08359375
2 0.49921875 0.63671875 0.884375 0.0375
2 0.49921875 0.5265625 0.884375 0.0375
2 0.49921875 0.41484375 0.884375 0.03984375
2 0.49921875 0.3046875 0.884375 0.0375
2 0.49921875 0.1984375 0.884375 0.03125
6 0.371875 0.071875 0.39375 0.02109375
3 0.06875 0.07109375 0.040625 0.0234375