6 0.87421875 0.9765625 0.1046875 0.0171875
6 0.625 0.9765625 0.0953125 0.0171875
6 0.1234375 0.9765625 0.103125 0.0171875
6 0.37421875 0.97734375 0.1328125 0.01640625
3 0.12578125 0.94765625 0.059375 0.034375
4 0.3765625 0.94765625 0.05625 0.0203125
3 0.6265625 0.94765625 0.05 0.0265625
3 0.8734375 0.9484375 0.040625 0.02421875
7 0.5 0.75859375 0.4640625 0.0609375
6 0.50078125 0.65625 0.6125 0.0546875
6 0.5 0.5859375 0.609375 0.03828125
4 0.5015625 0.3796875 0.215625 0.22109375
6 0.1671875 0.14296875 0.1484375 0.021875
6 0.5 0.14296875 0.1203125 0.02109375
6 0.834375 0.140625 0.140625 0.0171875
6 0.81328125 0.06953125 0.2734375 0.0234375