6 0.796875 0.51953125 0.209375 0.015625
3 0.346875 0.459375 0.0421875 0.02265625
7 0.5015625 0.9109375 0.884375 0.06796875
6 0.471875 0.80859375 0.496875 0.0265625
3 0.75859375 0.80703125 0.0390625 0.02109375
6 0.49921875 0.77265625 0.29375 0.02109375
2 0.5015625 0.55078125 0.884375 0.07890625
6 0.50078125 0.41328125 0.7515625 0.12734375
6 0.5015625 0.29765625 0.45 0.028125
4 0.4984375 0.2078125 0.609375 0.0578125
3 0.921875 0.1015625 0.0421875 0.02265625
6 0.50078125 0.1015625 0.1125 0.01484375