6 0.5296875 0.1140625 0.590625 0.02421875
6 0.76953125 0.19765625 0.128125 0.0203125
6 0.5859375 0.28046875 0.4953125 0.02109375
6 0.6453125 0.3640625 0.3734375 0.02109375
6 0.615625 0.4484375 0.4328125 0.02109375
6 0.76640625 0.5296875 0.134375 0.01640625
6 0.59921875 0.615625 0.46875 0.0203125
6 0.73203125 0.69921875 0.203125 0.02109375
6 0.65 0.7828125 0.3640625 0.02109375
6 0.73671875 0.8640625 0.190625 0.0171875
6 0.875 0.984375 0.078125 0.0125
6 0.625 0.984375 0.171875 0.0125
6 0.37421875 0.98515625 0.1078125 0.015625
6 0.125 0.98359375 0.1453125 0.0125
3 0.12578125 0.95546875 0.053125 0.03046875
3 0.37578125 0.9546875 0.0546875 0.0265625
3 0.62578125 0.95546875 0.0578125 0.02890625
3 0.875 0.9546875 0.05625 0.03125
4 0.90234375 0.8640625 0.084375 0.0453125
4 0.903125 0.7796875 0.0421875 0.040625
4 0.903125 0.69609375 0.0625 0.03515625
4 0.90390625 0.61328125 0.0671875 0.02890625
4 0.903125 0.5296875 0.065625 0.03515625
4 0.903125 0.4453125 0.0453125 0.03828125
4 0.903125 0.3625 0.0578125 0.034375
4 0.903125 0.27890625 0.0796875 0.040625
4 0.903125 0.1953125 0.0859375 0.03671875
3 0.8921875 0.1109375 0.046875 0.0265625
2 0.50078125 0.11171875 0.9234375 0.078125