6 0.35546875 0.0734375 0.359375 0.028125
6 0.5015625 0.403125 0.8671875 0.04140625
6 0.50078125 0.48046875 0.8484375 0.06171875
6 0.50078125 0.58359375 0.19375 0.0234375
6 0.5 0.62734375 0.45625 0.03515625
6 0.50078125 0.8328125 0.7625 0.03359375
6 0.415625 0.90703125 0.634375 0.02421875
3 0.078125 0.96640625 0.0328125 0.01875
3 0.921875 0.96640625 0.0328125 0.01875
3 0.05859375 0.90703125 0.0453125 0.02265625
7 0.50078125 0.7109375 0.9296875 0.0640625
3 0.0671875 0.07109375 0.034375 0.0203125
3 0.940625 0.07109375 0.0421875 0.0234375
4 0.49921875 0.2078125 0.9984375 0.196875