6 0.09609375 0.071875 0.1109375 0.021875
6 0.17265625 0.1546875 0.1125 0.021875
6 0.18125 0.2421875 0.1296875 0.021875
6 0.28984375 0.33125 0.346875 0.021875
6 0.24921875 0.41796875 0.265625 0.02265625
6 0.290625 0.5078125 0.3453125 0.021875
6 0.1625 0.58359375 0.25 0.0171875
6 0.15 0.64921875 0.221875 0.01875
6 0.15625 0.71640625 0.2328125 0.02265625
6 0.165625 0.78046875 0.2546875 0.0171875
6 0.12421875 0.97890625 0.084375 0.015625
6 0.371875 0.978125 0.1 0.01640625
6 0.62421875 0.98046875 0.1375 0.01953125
6 0.875 0.97734375 0.0859375 0.01875
3 0.8734375 0.946875 0.0421875 0.0078125
3 0.62421875 0.95 0.0515625 0.0265625
3 0.37265625 0.94921875 0.046875 0.02578125
3 0.125 0.94921875 0.05 0.02578125
3 0.0671875 0.50546875 0.0375 0.02421875
3 0.06875 0.41640625 0.0453125 0.0296875
3 0.06875 0.3296875 0.0453125 0.0296875
3 0.06796875 0.240625 0.05625 0.02265625
3 0.06640625 0.153125 0.05625 0.02265625