6 0.909375 0.51640625 0.05625 0.015625
7 0.14453125 0.52109375 0.1609375 0.028125
6 0.61640625 0.90859375 0.553125 0.090625
3 0.11171875 0.88515625 0.053125 0.028125
6 0.81640625 0.978125 0.2390625 0.01328125
6 0.84140625 0.6984375 0.1890625 0.0140625
6 0.84140625 0.784375 0.1890625 0.021875
3 0.4609375 0.4171875 0.2421875 0.02265625
6 0.61796875 0.6453125 0.55625 0.05625
6 0.821875 0.41796875 0.225 0.0140625
6 0.84609375 0.53828125 0.175 0.02109375
3 0.4609375 0.97734375 0.2421875 0.02265625
7 0.446875 0.77578125 0.2171875 0.0453125
3 0.46015625 0.69765625 0.24375 0.02265625
6 0.621875 0.38203125 0.5609375 0.02109375
3 0.11171875 0.6390625 0.053125 0.02890625
7 0.446875 0.5296875 0.2171875 0.04453125
3 0.1109375 0.39296875 0.05625 0.028125
6 0.834375 0.29296875 0.2015625 0.0203125
6 0.83515625 0.23046875 0.2015625 0.01328125
7 0.446875 0.28359375 0.2171875 0.04453125
3 0.4609375 0.2296875 0.2421875 0.02265625
6 0.609375 0.16015625 0.540625 0.08984375
3 0.11171875 0.1375 0.0578125 0.0296875
3 0.06015625 0.0703125 0.0515625 0.02421875
3 0.940625 0.0703125 0.05625 0.0265625
4 0.178125 0.921875 0.278125 0.15390625
4 0.178125 0.70390625 0.278125 0.21015625
4 0.178125 0.45859375 0.278125 0.21015625
4 0.17734375 0.209375 0.2796875 0.21640625