6 0.2171875 0.08984375 0.0984375 0.015625
6 0.309375 0.11953125 0.284375 0.0171875
6 0.21484375 0.23046875 0.09375 0.01640625
6 0.246875 0.29375 0.1640625 0.01640625
6 0.21875 0.359375 0.1046875 0.0203125
6 0.2578125 0.45234375 0.1734375 0.0203125
6 0.21328125 0.51484375 0.096875 0.0171875
6 0.303125 0.578125 0.275 0.0171875
6 0.2734375 0.64296875 0.2140625 0.02109375
6 0.228125 0.70625 0.125 0.01953125
3 0.08671875 0.10546875 0.096875 0.05390625
3 0.065625 0.23203125 0.046875 0.0265625
4 0.06640625 0.29453125 0.046875 0.0265625
3 0.06640625 0.35703125 0.046875 0.02734375
3 0.06796875 0.4515625 0.05625 0.02890625
3 0.0671875 0.515625 0.0484375 0.028125
4 0.065625 0.57890625 0.04375 0.02734375
3 0.065625 0.6421875 0.0375 0.0265625
3 0.065625 0.70546875 0.046875 0.0265625
1 0.38828125 0.515625 0.7765625 0.96640625