6 0.30234375 0.50546875 0.321875 0.06328125
6 0.7578125 0.50546875 0.36875 0.06328125
4 0.740625 0.35703125 0.44375 0.196875
4 0.2609375 0.35703125 0.4421875 0.19609375
6 0.50078125 0.21953125 0.39375 0.01953125
6 0.90390625 0.1515625 0.128125 0.01953125
6 0.690625 0.15 0.1734375 0.02109375
6 0.903125 0.0734375 0.1171875 0.03359375
4 0.740625 0.67421875 0.4421875 0.19609375
4 0.2609375 0.675 0.4421875 0.196875
6 0.7515625 0.80625 0.38125 0.0296875
6 0.296875 0.8265625 0.33125 0.06953125
3 0.103125 0.94921875 0.0546875 0.0296875
3 0.3015625 0.94921875 0.05 0.0296875
3 0.50078125 0.95 0.0515625 0.028125
3 0.9 0.95 0.05 0.028125
6 0.90078125 0.978125 0.0875 0.0140625
4 0.740625 0.90859375 0.4421875 0.028125
3 0.70078125 0.95 0.0515625 0.02578125
6 0.7 0.978125 0.1359375 0.0140625
6 0.50234375 0.97734375 0.1046875 0.01484375
4 0.2609375 0.90859375 0.4421875 0.028125
6 0.30234375 0.978125 0.0546875 0.0140625
6 0.1015625 0.978125 0.0640625 0.0140625