4 0.840625 0.97578125 0.2453125 0.04765625
4 0.840625 0.83359375 0.2453125 0.13671875
4 0.840625 0.64765625 0.2453125 0.13671875
4 0.840625 0.4609375 0.2453125 0.13828125
4 0.840625 0.27421875 0.2453125 0.13828125
3 0.934375 0.06953125 0.040625 0.01875
7 0.8671875 0.1421875 0.190625 0.0453125
7 0.60703125 0.14296875 0.25625 0.04453125
6 0.65625 0.071875 0.340625 0.0265625
7 0.28359375 0.14296875 0.3140625 0.04453125
3 0.059375 0.071875 0.0421875 0.0265625
7 0.0453125 0.14140625 0.0875 0.0453125
6 0.3890625 0.2265625 0.5609375 0.0234375
3 0.059375 0.34296875 0.0515625 0.0265625
6 0.453125 0.27421875 0.4328125 0.0203125
6 0.4234375 0.31171875 0.4890625 0.01640625
6 0.465625 0.415625 0.4015625 0.0296875
6 0.471875 0.46015625 0.390625 0.0203125
6 0.52421875 0.5 0.290625 0.0203125
3 0.059375 0.5296875 0.0515625 0.02578125
6 0.359375 0.62109375 0.6171875 0.06796875
3 0.06015625 0.71640625 0.0515625 0.02578125
6 0.35703125 0.690625 0.628125 0.0203125
6 0.45546875 0.73046875 0.425 0.0203125
6 0.38125 0.8109375 0.5796875 0.0734375
6 0.3578125 0.87734375 0.621875 0.0203125
6 0.51640625 0.9171875 0.303125 0.01953125
3 0.059375 0.90234375 0.0515625 0.02578125
6 0.37890625 0.97578125 0.584375 0.0296875