6 0.8234375 0.06484375 0.146875 0.01484375
6 0.1015625 0.97421875 0.0859375 0.01015625
6 0.29921875 0.975 0.09375 0.009375
6 0.50078125 0.97421875 0.109375 0.009375
6 0.70078125 0.975 0.09375 0.009375
6 0.9 0.97421875 0.0609375 0.009375
3 0.9 0.93828125 0.059375 0.03359375
3 0.69921875 0.93828125 0.0578125 0.0328125
3 0.5 0.9390625 0.05625 0.0328125
3 0.3015625 0.93828125 0.059375 0.03359375
3 0.10078125 0.93828125 0.0578125 0.03125
7 0.14140625 0.81328125 0.125 0.0703125
7 0.50078125 0.53359375 0.846875 0.06875
6 0.49921875 0.4546875 0.046875 0.01484375
6 0.49921875 0.38203125 0.66875 0.02265625
6 0.49921875 0.3 0.8125 0.06171875
7 0.2609375 0.14609375 0.4421875 0.075
6 0.17578125 0.06484375 0.1375 0.01484375
6 0.50078125 0.06484375 0.190625 0.01484375
7 0.740625 0.14609375 0.4421875 0.075