6 0.92421875 0.8203125 0.1484375 0.05078125
6 0.59375 0.81953125 0.309375 0.05234375
6 0.21171875 0.821875 0.371875 0.05625
6 0.3703125 0.609375 0.684375 0.03125
3 0.92421875 0.39296875 0.1484375 0.01953125
6 0.925 0.3578125 0.146875 0.01640625
6 0.9234375 0.4546875 0.15 0.075
3 0.5453125 0.3921875 0.215625 0.0203125
6 0.55390625 0.36015625 0.228125 0.02109375
6 0.621875 0.45625 0.36875 0.07734375
3 0.13203125 0.39296875 0.2140625 0.01953125
6 0.14609375 0.3578125 0.2421875 0.01640625
6 0.2109375 0.45625 0.375 0.07578125
4 0.92421875 0.715625 0.1484375 0.1296875
4 0.63125 0.715625 0.390625 0.1296875
4 0.21875 0.715625 0.390625 0.1296875
4 0.92421875 0.2703125 0.1484375 0.13125
4 0.63046875 0.2703125 0.3890625 0.13125
4 0.21953125 0.2703125 0.3890625 0.13203125
6 0.9203125 0.16640625 0.109375 0.01484375
6 0.25078125 0.1625 0.446875 0.02421875
6 0.1 0.99140625 0.0859375 0.01484375
6 0.3 0.990625 0.09375 0.0125
6 0.50078125 0.99140625 0.1078125 0.01484375
6 0.70078125 0.99140625 0.109375 0.01484375
6 0.9015625 0.99140625 0.075 0.0125
3 0.9 0.959375 0.053125 0.03046875
3 0.7 0.96015625 0.075 0.03125
3 0.50078125 0.95859375 0.059375 0.03359375
3 0.29921875 0.959375 0.065625 0.034375
3 0.09921875 0.959375 0.065625 0.03671875
3 0.9390625 0.06796875 0.053125 0.0296875
3 0.81484375 0.06875 0.071875 0.0296875
6 0.15859375 0.0703125 0.134375 0.021875
3 0.0609375 0.0703125 0.05625 0.0265625