4 0.83984375 0.2453125 0.24375 0.20546875
4 0.83984375 0.5328125 0.24375 0.20546875
4 0.83984375 0.81875 0.24375 0.20625
6 0.3640625 0.8828125 0.6140625 0.04765625
6 0.35859375 0.7625 0.625 0.07265625
6 0.46796875 0.66015625 0.4 0.01953125
6 0.39375 0.59609375 0.5546875 0.0453125
6 0.43359375 0.47265625 0.475 0.06796875
6 0.384375 0.37421875 0.56875 0.01953125
6 0.3625 0.309375 0.6109375 0.046875
6 0.35703125 0.1875 0.6203125 0.065625
6 0.7609375 0.0875 0.396875 0.0265625
3 0.9015625 0.96640625 0.05 0.028125
3 0.70078125 0.965625 0.0484375 0.028125
3 0.50078125 0.965625 0.0515625 0.02578125
3 0.30078125 0.96640625 0.040625 0.02890625
3 0.10078125 0.96640625 0.0125 0.02265625