6 0.70859375 0.43046875 0.153125 0.0125
6 0.1875 0.43046875 0.246875 0.0125
6 0.18984375 0.48046875 0.3765625 0.06171875
6 0.70703125 0.4796875 0.353125 0.06171875
6 0.746875 0.6671875 0.396875 0.040625
6 0.10625 0.671875 0.109375 0.0125
4 0.1875 0.8359375 0.1671875 0.1453125
4 0.709375 0.8359375 0.1765625 0.153125
4 0.709375 0.321875 0.2140625 0.09921875
4 0.18671875 0.32109375 0.2265625 0.0859375
6 0.10625 0.15703125 0.1125 0.01328125
6 0.734375 0.14765625 0.421875 0.03125
6 0.85234375 0.06953125 0.190625 0.02265625
6 0.12421875 0.97734375 0.1046875 0.01640625
6 0.37421875 0.97734375 0.1328125 0.015625
6 0.62578125 0.9765625 0.09375 0.0171875
6 0.87421875 0.97734375 0.1046875 0.01640625
3 0.875 0.9484375 0.0421875 0.02421875
3 0.62578125 0.94765625 0.0484375 0.0265625
4 0.3765625 0.94765625 0.05625 0.0203125
3 0.1265625 0.9484375 0.059375 0.03359375