7 0.109375 0.0625 0.196875 0.03125
3 0.94609375 0.06328125 0.0609375 0.034375
4 0.50234375 0.06484375 0.2578125 0.03515625
4 0.74375 0.23515625 0.465625 0.2625
6 0.8265625 0.38828125 0.275 0.0203125
6 0.375 0.38984375 0.2 0.02421875
4 0.25546875 0.23515625 0.4671875 0.2625
4 0.74375 0.56171875 0.465625 0.26171875
4 0.25546875 0.56171875 0.4671875 0.26171875
6 0.8125 0.71328125 0.30625 0.0203125
6 0.36484375 0.71328125 0.2234375 0.0203125
4 0.74375 0.87734375 0.465625 0.24453125
4 0.25625 0.878125 0.465625 0.24375