6 0.8203125 0.5578125 0.209375 0.0234375
7 0.50078125 0.653125 0.9015625 0.0890625
6 0.5 0.92890625 0.496875 0.0171875
6 0.5 0.84765625 0.378125 0.021875
6 0.55703125 0.75703125 0.7859375 0.08046875
6 0.8234375 0.42890625 0.203125 0.01484375
2 0.50078125 0.55078125 0.9015625 0.0859375
2 0.50078125 0.45 0.9015625 0.08671875
3 0.93203125 0.07109375 0.0390625 0.021875
6 0.784375 0.075 0.15625 0.0296875
6 0.50234375 0.3515625 0.49375 0.02421875
7 0.50078125 0.25703125 0.9015625 0.0703125
7 0.50078125 0.16953125 0.9015625 0.065625