6 0.10234375 0.978125 0.065625 0.01484375
3 0.10390625 0.94921875 0.05625 0.0296875
6 0.90390625 0.0734375 0.1109375 0.0234375
6 0.8609375 0.14453125 0.2203125 0.0203125
6 0.60625 0.14375 0.171875 0.02109375
4 0.50078125 0.4484375 0.29375 0.190625
6 0.50078125 0.603125 0.7296875 0.0296875
6 0.5 0.64921875 0.3671875 0.02578125
7 0.50078125 0.73046875 0.5515625 0.071875
3 0.90078125 0.94921875 0.0515625 0.02890625
3 0.7 0.95 0.05 0.0265625
3 0.50078125 0.94921875 0.0515625 0.02890625
3 0.30078125 0.94921875 0.0515625 0.03046875
6 0.89921875 0.97890625 0.0875 0.0140625
6 0.7 0.978125 0.1359375 0.01484375
6 0.503125 0.978125 0.10625 0.015625
6 0.30234375 0.97890625 0.0546875 0.0140625