6 0.1640625 0.41484375 0.178125 0.01875
6 0.12734375 0.30703125 0.109375 0.01875
6 0.121875 0.19609375 0.1 0.01875
7 0.49921875 0.87578125 0.9015625 0.05078125
6 0.41328125 0.7515625 0.7484375 0.096875
6 0.159375 0.66953125 0.240625 0.0203125
6 0.175 0.61796875 0.2703125 0.02421875
6 0.36640625 0.5734375 0.653125 0.04765625
6 0.17734375 0.51953125 0.2734375 0.02578125
6 0.3703125 0.4671875 0.6625 0.0171875
6 0.87421875 0.41484375 0.09375 0.0171875
6 0.1359375 0.36640625 0.1890625 0.0203125
6 0.09765625 0.2578125 0.1125 0.01953125
6 0.0921875 0.14765625 0.1046875 0.0203125
3 0.06875 0.07109375 0.040625 0.021875
6 0.228125 0.071875 0.18125 0.01953125
2 0.49921875 0.30546875 0.9234375 0.065625
2 0.4984375 0.19609375 0.921875 0.06640625
2 0.4984375 0.41484375 0.921875 0.06640625