6 0.6625 0.090625 0.3171875 0.028125
6 0.903125 0.8640625 0.1125 0.0171875
6 0.85625 0.81484375 0.209375 0.0453125
3 0.54921875 0.80078125 0.0515625 0.02578125
4 0.740625 0.64921875 0.44375 0.2484375
6 0.42265625 0.8640625 0.115625 0.01875
6 0.3828125 0.8140625 0.1984375 0.046875
3 0.06875 0.80078125 0.0484375 0.02421875
4 0.2609375 0.64921875 0.4421875 0.2484375
6 0.4234375 0.46796875 0.1140625 0.01953125
6 0.3328125 0.4171875 0.296875 0.046875
3 0.06875 0.40390625 0.0484375 0.02421875
4 0.2609375 0.253125 0.4421875 0.2484375
6 0.90390625 0.46796875 0.1140625 0.01953125
6 0.8078125 0.4171875 0.3078125 0.046875
3 0.5484375 0.40390625 0.05 0.02578125
4 0.740625 0.253125 0.4421875 0.2484375
3 0.884375 0.08671875 0.0453125 0.02421875
3 0.90078125 0.96015625 0.046875 0.0234375
3 0.70234375 0.96015625 0.04375 0.02421875
3 0.5 0.96015625 0.05 0.02578125
3 0.30390625 0.96015625 0.05 0.02890625
3 0.1015625 0.9609375 0.05 0.028125
2 0.5015625 0.0875 0.921875 0.065625