6 0.87109375 0.9796875 0.2171875 0.021875
6 0.74453125 0.903125 0.3359375 0.02265625
6 0.25546875 0.903125 0.40625 0.02265625
6 0.1625 0.5703125 0.2859375 0.03046875
6 0.378125 0.45390625 0.6390625 0.01640625
6 0.271875 0.07109375 0.1921875 0.021875
3 0.0671875 0.07109375 0.040625 0.021875
3 0.8234375 0.07109375 0.0453125 0.0265625
3 0.93828125 0.07109375 0.0515625 0.02890625
3 0.9109375 0.453125 0.0421875 0.0234375
3 0.8640625 0.946875 0.046875 0.0265625
3 0.64921875 0.96015625 0.0515625 0.02890625
3 0.46484375 0.95859375 0.046875 0.028125
3 0.278125 0.9609375 0.0515625 0.0265625
3 0.09296875 0.96015625 0.05 0.02578125
4 0.49921875 0.28125 0.9984375 0.34375
4 0.2546875 0.73515625 0.471875 0.26484375
4 0.74453125 0.73515625 0.471875 0.26484375