3 0.94140625 0.065625 0.046875 0.0203125
7 0.1234375 0.1328125 0.2140625 0.04375
6 0.89765625 0.13515625 0.121875 0.01875
3 0.946875 0.2046875 0.075 0.04140625
7 0.090625 0.2078125 0.128125 0.0375
6 0.7078125 0.2046875 0.384375 0.02265625
6 0.865625 0.2796875 0.2 0.02734375
3 0.04609375 0.2765625 0.0203125 0.01953125
6 0.18828125 0.27890625 0.234375 0.021875
6 0.19375 0.3484375 0.284375 0.0203125
6 0.884375 0.35234375 0.1625 0.0265625
6 0.79375 0.4234375 0.340625 0.028125
4 0.946875 0.503125 0.075 0.0421875
6 0.809375 0.50546875 0.1765625 0.028125
6 0.840625 0.571875 0.2484375 0.02734375
6 0.17890625 0.63984375 0.253125 0.02109375
6 0.840625 0.64140625 0.246875 0.021875
6 0.75703125 0.715625 0.4140625 0.02734375
6 0.82421875 0.81171875 0.2796875 0.02734375
6 0.79921875 0.9078125 0.3296875 0.028125
2 0.61640625 0.134375 0.7390625 0.0546875