6 0.309375 0.15078125 0.1734375 0.021875
6 0.640625 0.3125 0.2421875 0.01484375
6 0.68515625 0.3875 0.334375 0.0984375
6 0.64140625 0.5609375 0.2421875 0.01484375
6 0.72265625 0.61640625 0.409375 0.0625
6 0.49921875 0.76015625 0.278125 0.02578125
4 0.73828125 0.86015625 0.44375 0.125
4 0.26015625 0.86015625 0.44375 0.125
4 0.26953125 0.60078125 0.4609375 0.20859375
4 0.26875 0.37109375 0.459375 0.209375
6 0.5 0.228125 0.275 0.01953125
6 0.09609375 0.15078125 0.128125 0.01953125
6 0.096875 0.0734375 0.1203125 0.03359375
6 0.1 0.97890625 0.0890625 0.0140625
6 0.3 0.978125 0.1359375 0.01484375
6 0.49765625 0.978125 0.1046875 0.015625
6 0.69765625 0.978125 0.0546875 0.0140625
6 0.8984375 0.978125 0.0640625 0.01484375
3 0.89609375 0.94921875 0.05625 0.0296875
3 0.6984375 0.95 0.05 0.0296875
3 0.5 0.95 0.05 0.028125
3 0.3 0.94921875 0.05 0.02578125
3 0.1 0.95 0.05 0.028125