3 0.8984375 0.9609375 0.05 0.028125
3 0.696875 0.9609375 0.0515625 0.028125
3 0.49921875 0.96015625 0.0515625 0.02578125
3 0.29765625 0.96015625 0.04375 0.02578125
3 0.1 0.96015625 0.046875 0.02265625
6 0.28046875 0.90234375 0.484375 0.02109375
6 0.159375 0.82578125 0.2359375 0.0203125
6 0.25 0.74921875 0.4203125 0.0203125
6 0.16484375 0.67421875 0.2484375 0.02578125
6 0.19921875 0.5984375 0.31875 0.02578125
6 0.1890625 0.51953125 0.3 0.0203125
4 0.49921875 0.2953125 0.9984375 0.371875
6 0.3421875 0.07109375 0.3328125 0.02421875
3 0.0671875 0.07109375 0.040625 0.02265625