4 0.159375 0.33671875 0.2453125 0.13828125
4 0.159375 0.5234375 0.2453125 0.13671875
4 0.159375 0.71015625 0.2453125 0.13671875
4 0.159375 0.89609375 0.2453125 0.13828125
3 0.940625 0.77890625 0.053125 0.02578125
3 0.940625 0.96484375 0.053125 0.02578125
6 0.559375 0.9140625 0.4609375 0.05625
6 0.628125 0.8515625 0.596875 0.0296875
6 0.55078125 0.77265625 0.440625 0.0609375
6 0.51953125 0.68671875 0.38125 0.07265625
3 0.940625 0.40546875 0.0515625 0.02421875
3 0.93984375 0.5921875 0.0515625 0.02578125
6 0.64375 0.584375 0.6234375 0.05625
6 0.6359375 0.5 0.6109375 0.07265625
6 0.5375 0.39765625 0.4171875 0.05625
6 0.634375 0.3109375 0.6109375 0.06640625
6 0.171875 0.21640625 0.259375 0.0234375
7 0.95390625 0.1421875 0.0859375 0.04453125
7 0.715625 0.1421875 0.315625 0.0453125
7 0.3921875 0.1421875 0.2546875 0.04453125
7 0.13359375 0.1421875 0.1890625 0.0453125
3 0.06796875 0.07109375 0.0421875 0.01875
6 0.3453125 0.07265625 0.340625 0.0265625
3 0.940625 0.07109375 0.0421875 0.0265625