6 0.1546875 0.540625 0.1765625 0.02109375
6 0.17890625 0.98046875 0.23125 0.0140625
3 0.5390625 0.9796875 0.2421875 0.02265625
3 0.5390625 0.47734375 0.2421875 0.02265625
3 0.8875 0.8875 0.053125 0.028125
6 0.36875 0.9109375 0.584375 0.08984375
6 0.3796875 0.64765625 0.5625 0.05625
4 0.821875 0.9234375 0.278125 0.15234375
6 0.1875 0.478125 0.246875 0.0140625
6 0.1578125 0.78671875 0.1875 0.02109375
7 0.553125 0.77734375 0.2171875 0.0453125
3 0.5390625 0.6984375 0.2421875 0.0234375
6 0.36484375 0.40859375 0.59375 0.08984375
4 0.821875 0.70625 0.2765625 0.20859375
3 0.88828125 0.6421875 0.053125 0.02890625
6 0.1546875 0.7 0.1828125 0.0140625
7 0.553125 0.53125 0.2171875 0.0453125
4 0.821875 0.4546875 0.278125 0.21953125
3 0.88828125 0.3859375 0.053125 0.028125
6 0.159375 0.1984375 0.1875 0.01484375
6 0.17109375 0.28359375 0.2109375 0.02109375
7 0.55234375 0.27578125 0.215625 0.04375
3 0.5390625 0.19765625 0.2421875 0.02265625
6 0.36640625 0.1453125 0.584375 0.0546875
4 0.821875 0.20546875 0.278125 0.20703125
3 0.88828125 0.13984375 0.053125 0.028125
3 0.93984375 0.07109375 0.0515625 0.0265625
3 0.06015625 0.07109375 0.0546875 0.0265625