6 0.175 0.621875 0.25 0.0140625
6 0.46875 0.65625 0.2375 0.01953125
6 0.346875 0.7828125 0.59375 0.01953125
6 0.2171875 0.74140625 0.334375 0.0171875
6 0.540625 0.7015625 0.2953125 0.01953125
6 0.209375 0.69765625 0.31875 0.02421875
6 0.13203125 0.6546875 0.1671875 0.0171875
7 0.5 0.946875 0.903125 0.07578125
7 0.4984375 0.8578125 0.903125 0.07578125
6 0.55 0.621875 0.403125 0.0171875
6 0.3828125 0.5671875 0.665625 0.04375
6 0.1625 0.515625 0.221875 0.02109375
3 0.06796875 0.07109375 0.0390625 0.02109375
3 0.95078125 0.07109375 0.0125 0.02265625
3 0.85625 0.07265625 0.04375 0.02578125
3 0.73359375 0.07109375 0.053125 0.03046875
3 0.61640625 0.07109375 0.059375 0.0328125
3 0.5 0.0703125 0.0453125 0.02421875
4 0.50078125 0.25859375 0.3171875 0.29765625