3 0.07578125 0.88515625 0.1484375 0.0203125
3 0.45625 0.8515625 0.2125 0.01953125
3 0.86875 0.88515625 0.215625 0.0203125
6 0.853125 0.8359375 0.240625 0.05625
6 0.39296875 0.9 0.3390625 0.04765625
6 0.07578125 0.83359375 0.1484375 0.05234375
6 0.0765625 0.9171875 0.15 0.01484375
6 0.396875 0.8171875 0.325 0.015625
6 0.81015625 0.91796875 0.3328125 0.01640625
3 0.19765625 0.4875 0.215625 0.01953125
4 0.153125 0.284375 0.3046875 0.2109375
6 0.0796875 0.625 0.109375 0.015625
4 0.36875 0.72890625 0.390625 0.12890625
4 0.07578125 0.72890625 0.1484375 0.12890625
4 0.78046875 0.7296875 0.3890625 0.1296875
6 0.47421875 0.4875 0.2015625 0.01328125
6 0.153125 0.43828125 0.3046875 0.05546875
6 0.771875 0.6234375 0.3984375 0.03125
6 0.2015625 0.51875 0.203125 0.02265625
6 0.890625 0.51875 0.19375 0.02265625
3 0.8828125 0.48828125 0.215625 0.01953125
6 0.74921875 0.43828125 0.4796875 0.05546875
6 0.0796875 0.13984375 0.109375 0.015625
6 0.796875 0.13828125 0.35625 0.0296875
4 0.66328125 0.284375 0.6578125 0.2109375
6 0.9 0.99140625 0.0859375 0.01484375
6 0.70078125 0.99140625 0.0953125 0.0125
6 0.49921875 0.99140625 0.1078125 0.01484375
6 0.3 0.99140625 0.109375 0.01484375
6 0.1 0.99140625 0.075 0.0125
3 0.1 0.959375 0.053125 0.0296875
3 0.30078125 0.96015625 0.0734375 0.03125
3 0.49921875 0.959375 0.059375 0.0328125
3 0.70078125 0.959375 0.065625 0.03359375
3 0.90078125 0.959375 0.065625 0.0375
3 0.0609375 0.06796875 0.053125 0.0296875
3 0.18515625 0.06875 0.071875 0.0296875
6 0.84140625 0.0703125 0.134375 0.021875
3 0.93984375 0.06953125 0.0546875 0.0265625