4 0.07578125 0.07890625 0.134375 0.07578125
6 0.41328125 0.07890625 0.4984375 0.01953125
4 0.07734375 0.17734375 0.134375 0.07578125
6 0.30859375 0.1796875 0.2890625 0.02265625
4 0.07734375 0.275 0.134375 0.0765625
6 0.503125 0.278125 0.6796875 0.02265625
4 0.07578125 0.37265625 0.134375 0.07578125
6 0.2171875 0.375 0.10625 0.01875
4 0.07578125 0.47109375 0.134375 0.07578125
6 0.4390625 0.47421875 0.55 0.02265625
4 0.0765625 0.56953125 0.134375 0.0765625
6 0.21875 0.57109375 0.1125 0.01953125
3 0.921875 0.56875 0.0453125 0.01484375
4 0.07578125 0.66796875 0.134375 0.0765625
6 0.3109375 0.67109375 0.296875 0.02265625
4 0.0765625 0.76640625 0.134375 0.0765625
6 0.203125 0.76953125 0.084375 0.02265625
4 0.07578125 0.86484375 0.134375 0.07578125
6 0.365625 0.865625 0.4078125 0.01875
7 0.6765625 0.95234375 0.5703125 0.05859375
6 0.196875 0.95546875 0.2578125 0.0171875