6 0.5 0.07578125 0.15625 0.02265625
6 0.5 0.24921875 0.8453125 0.0421875
6 0.321875 0.3578125 0.35 0.02421875
6 0.2671875 0.4421875 0.246875 0.02265625
6 0.3921875 0.52421875 0.490625 0.02265625
6 0.2875 0.60703125 0.284375 0.02265625
6 0.246875 0.6875 0.2 0.01875
6 0.2484375 0.7703125 0.20625 0.0171875
6 0.284375 0.853125 0.278125 0.01953125
6 0.8734375 0.97734375 0.109375 0.01640625
6 0.62421875 0.97578125 0.1171875 0.01328125
6 0.37421875 0.97578125 0.1234375 0.01328125
6 0.12578125 0.97578125 0.1265625 0.01328125
3 0.87421875 0.94375 0.0578125 0.03359375
3 0.62421875 0.94296875 0.0546875 0.034375
4 0.37421875 0.94296875 0.06875 0.03046875
4 0.12578125 0.94296875 0.065625 0.034375
3 0.07265625 0.853125 0.0671875 0.034375
3 0.07265625 0.7703125 0.059375 0.0265625
3 0.0734375 0.6875 0.053125 0.034375
4 0.0734375 0.60546875 0.059375 0.03359375
4 0.07265625 0.521875 0.04375 0.034375
3 0.07265625 0.4390625 0.0546875 0.03359375
3 0.0734375 0.35703125 0.0609375 0.03046875
7 0.5 0.18515625 0.5671875 0.06171875