6 0.690625 0.15078125 0.1734375 0.021875
6 0.359375 0.3125 0.2421875 0.01484375
6 0.31484375 0.3875 0.334375 0.0984375
6 0.35859375 0.5609375 0.2421875 0.01484375
6 0.27734375 0.61640625 0.409375 0.0625
6 0.50078125 0.76015625 0.278125 0.02578125
4 0.26171875 0.86015625 0.44375 0.125
4 0.73984375 0.86015625 0.44375 0.125
4 0.73046875 0.60078125 0.4609375 0.20859375
4 0.73125 0.37109375 0.459375 0.209375
6 0.5 0.228125 0.275 0.01953125
6 0.90390625 0.15078125 0.128125 0.01953125
6 0.903125 0.0734375 0.1203125 0.03359375
6 0.9 0.97890625 0.0890625 0.0140625
6 0.7 0.978125 0.1359375 0.01484375
6 0.50234375 0.978125 0.1046875 0.015625
6 0.30234375 0.978125 0.0546875 0.0140625
6 0.1015625 0.978125 0.0640625 0.01484375
3 0.10390625 0.94921875 0.05625 0.0296875
3 0.3015625 0.95 0.05 0.0296875
3 0.5 0.95 0.05 0.028125
3 0.7 0.94921875 0.05 0.02578125
3 0.9 0.95 0.05 0.028125