6 0.684375 0.8546875 0.215625 0.0203125
6 0.30390625 0.075 0.25625 0.02734375
6 0.221875 0.16640625 0.3671875 0.02578125
6 0.5 0.2375 0.734375 0.03125
6 0.28828125 0.32265625 0.2234375 0.02421875
6 0.27265625 0.39921875 0.19375 0.02421875
6 0.2734375 0.47578125 0.1953125 0.02578125
6 0.271875 0.55 0.190625 0.0203125
6 0.384375 0.6265625 0.41875 0.0203125
6 0.28046875 0.70234375 0.209375 0.01953125
6 0.3359375 0.7828125 0.325 0.02421875
6 0.378125 0.8546875 0.3421875 0.01953125
6 0.49921875 0.93984375 0.259375 0.015625
6 0.5 0.98984375 0.7640625 0.01953125
3 0.06796875 0.77890625 0.05 0.028125
3 0.06796875 0.70234375 0.05 0.02890625
3 0.0671875 0.62578125 0.0515625 0.02265625
3 0.0671875 0.5484375 0.0515625 0.02734375
4 0.06796875 0.4734375 0.05625 0.02265625
4 0.0671875 0.39609375 0.059375 0.02265625
3 0.06796875 0.31953125 0.05 0.02890625
3 0.06796875 0.07109375 0.0421875 0.02265625
3 0.82265625 0.07109375 0.046875 0.0265625
3 0.93828125 0.07109375 0.0515625 0.02890625