6 0.14140625 0.50078125 0.1546875 0.01484375
6 0.1796875 0.43515625 0.2328125 0.01484375
6 0.62109375 0.36875 0.171875 0.01484375
6 0.1515625 0.36875 0.175 0.01484375
7 0.4984375 0.565625 0.921875 0.05546875
2 0.4984375 0.50078125 0.921875 0.05546875
2 0.4984375 0.43515625 0.921875 0.05546875
2 0.26484375 0.36875 0.4515625 0.05546875
2 0.734375 0.36875 0.4515625 0.05546875
4 0.4984375 0.12890625 0.3203125 0.0359375
6 0.49765625 0.17421875 0.328125 0.01953125
6 0.4984375 0.30625 0.1390625 0.0203125
6 0.49921875 0.6234375 0.3328125 0.0203125
6 0.496875 0.95703125 0.8265625 0.0375
7 0.5 0.740625 0.921875 0.05546875
7 0.72109375 0.67421875 0.4421875 0.05546875
7 0.259375 0.67421875 0.44375 0.05546875