6 0.79609375 0.1390625 0.328125 0.02421875
3 0.93359375 0.0703125 0.0421875 0.02265625
6 0.6921875 0.07265625 0.321875 0.03046875
3 0.059375 0.07109375 0.046875 0.02890625
4 0.75078125 0.36171875 0.4625 0.35703125
4 0.2515625 0.35703125 0.4609375 0.34609375
6 0.86875 0.571875 0.221875 0.0171875
6 0.81796875 0.6 0.325 0.0171875
6 0.37734375 0.5609375 0.2078125 0.0171875
6 0.36484375 0.5890625 0.2328125 0.01953125
4 0.75 0.740625 0.4609375 0.1734375
6 0.78046875 0.859375 0.396875 0.021875
6 0.8984375 0.88671875 0.1640625 0.01953125
3 0.90078125 0.9609375 0.046875 0.0234375
3 0.70234375 0.959375 0.04375 0.02421875
3 0.5 0.96015625 0.05 0.02578125
4 0.25234375 0.7828125 0.4625 0.28046875
3 0.303125 0.9609375 0.05 0.028125
3 0.1015625 0.9609375 0.05 0.028125