6 0.68203125 0.07421875 0.4 0.0234375
4 0.921875 0.26015625 0.11875 0.06640625
4 0.92109375 0.34765625 0.1140625 0.06640625
4 0.92265625 0.43515625 0.11875 0.06640625
4 0.91796875 0.52265625 0.109375 0.06328125
4 0.92265625 0.6109375 0.11875 0.065625
4 0.92265625 0.6984375 0.11875 0.06640625
4 0.921875 0.78515625 0.1171875 0.06484375
4 0.92265625 0.871875 0.11875 0.06640625
3 0.90078125 0.94921875 0.0515625 0.02890625
3 0.70078125 0.95 0.0515625 0.0265625
3 0.50078125 0.95 0.0515625 0.02890625
3 0.30078125 0.95 0.0515625 0.0296875
3 0.103125 0.94921875 0.05625 0.03046875
6 0.10234375 0.978125 0.065625 0.01484375
6 0.30234375 0.978125 0.0546875 0.01484375
6 0.50234375 0.978125 0.1046875 0.015625
6 0.70078125 0.978125 0.1375 0.01484375
6 0.9 0.978125 0.0890625 0.01484375
6 0.68359375 0.87421875 0.28125 0.0203125
6 0.72734375 0.78671875 0.19375 0.0203125
6 0.53828125 0.70234375 0.571875 0.02421875
6 0.63828125 0.6140625 0.36875 0.02578125
6 0.609375 0.5265625 0.4265625 0.02421875
6 0.7625 0.440625 0.125 0.02265625
6 0.728125 0.35 0.1875 0.01953125
6 0.80078125 0.26171875 0.0484375 0.0203125
6 0.5 0.19296875 0.4109375 0.02578125
6 0.5 0.1546875 0.2890625 0.02578125
3 0.93359375 0.07109375 0.046875 0.0265625
3 0.06953125 0.071875 0.0359375 0.0265625
2 0.50078125 0.07109375 0.959375 0.0546875