3 0.93125 0.07109375 0.040625 0.0234375
6 0.70078125 0.075 0.2484375 0.03046875
4 0.50078125 0.2953125 0.9984375 0.371875
6 0.83359375 0.521875 0.25625 0.02578125
6 0.81953125 0.5984375 0.284375 0.02578125
6 0.771875 0.67265625 0.375 0.0203125
6 0.8375 0.74921875 0.2453125 0.0203125
6 0.86328125 0.82578125 0.19375 0.0203125
6 0.796875 0.90390625 0.3265625 0.02578125
3 0.89921875 0.96015625 0.046875 0.0234375
3 0.70234375 0.96015625 0.04375 0.02421875
3 0.5 0.96015625 0.05 0.0265625
3 0.303125 0.9609375 0.05 0.028125
3 0.1015625 0.9609375 0.05 0.028125