3 0.6421875 0.56640625 0.0375 0.021875
6 0.165625 0.89375 0.2 0.02109375
3 0.64140625 0.82890625 0.0359375 0.0203125
6 0.4875 0.83125 0.2390625 0.0171875
6 0.4875 0.2703125 0.2390625 0.01875
3 0.6421875 0.26875 0.0375 0.021875
3 0.8875 0.990625 0.053125 0.0171875
6 0.4109375 0.98515625 0.4953125 0.021875
6 0.40078125 0.73984375 0.521875 0.05546875
4 0.82265625 0.97734375 0.2765625 0.04296875
6 0.165625 0.528125 0.2015625 0.0140625
6 0.17734375 0.79140625 0.2265625 0.0140625
7 0.553125 0.8859375 0.215625 0.04453125
3 0.5390625 0.790625 0.2421875 0.021875
6 0.39453125 0.459375 0.528125 0.090625
4 0.821875 0.80625 0.2765625 0.225
3 0.88984375 0.7328125 0.0546875 0.02890625
6 0.4859375 0.56875 0.2390625 0.0171875
6 0.1578125 0.63203125 0.1875 0.02109375
7 0.553125 0.62265625 0.215625 0.04453125
3 0.53984375 0.52734375 0.2421875 0.02265625
4 0.821875 0.5265625 0.278125 0.26015625
3 0.88828125 0.4359375 0.0546875 0.028125
6 0.17421875 0.23046875 0.221875 0.01484375
6 0.15859375 0.334375 0.1859375 0.0203125
7 0.553125 0.32578125 0.215625 0.04453125
3 0.53984375 0.2296875 0.240625 0.021875
6 0.44609375 0.17890625 0.428125 0.05625
4 0.821875 0.2453125 0.278125 0.22578125
3 0.88984375 0.17265625 0.0546875 0.028125
3 0.9390625 0.07109375 0.053125 0.0265625
3 0.06015625 0.0703125 0.0578125 0.0265625