6 0.86796875 0.28984375 0.134375 0.01953125
6 0.38046875 0.28984375 0.1328125 0.01953125
6 0.85703125 0.57578125 0.15625 0.01953125
6 0.38046875 0.57578125 0.1328125 0.01953125
6 0.86875 0.86328125 0.1328125 0.01953125
6 0.38046875 0.86171875 0.1328125 0.01953125
7 0.63515625 0.8609375 0.159375 0.03046875
7 0.1484375 0.86171875 0.159375 0.0296875
7 0.63515625 0.57578125 0.159375 0.03046875
7 0.1484375 0.57578125 0.159375 0.03046875
7 0.63515625 0.28828125 0.159375 0.03046875
7 0.1484375 0.2890625 0.159375 0.0296875
4 0.74609375 0.1546875 0.3859375 0.2171875
4 0.259375 0.15546875 0.384375 0.21640625
4 0.7453125 0.44140625 0.384375 0.2171875
4 0.25859375 0.44140625 0.38125 0.2140625
4 0.74609375 0.728125 0.3859375 0.2171875
4 0.259375 0.72734375 0.3859375 0.215625
4 0.746875 0.95234375 0.3828125 0.09296875
4 0.259375 0.95234375 0.3859375 0.09375