7 0.0453125 0.14296875 0.0875 0.04453125
7 0.284375 0.1421875 0.315625 0.04453125
7 0.60703125 0.1421875 0.25625 0.04453125
7 0.865625 0.1421875 0.190625 0.04453125
3 0.93125 0.07109375 0.040625 0.01875
6 0.65390625 0.07265625 0.3390625 0.0265625
3 0.059375 0.07109375 0.0421875 0.0265625
6 0.3703125 0.24921875 0.5984375 0.07265625
6 0.47265625 0.33515625 0.39375 0.05625
3 0.059375 0.3421875 0.0515625 0.02578125
4 0.840625 0.2734375 0.2453125 0.13828125
4 0.840625 0.459375 0.2453125 0.13671875
6 0.3625 0.43671875 0.6171875 0.0734375
6 0.45546875 0.52265625 0.428125 0.0609375
3 0.06015625 0.52890625 0.0515625 0.02578125
4 0.83984375 0.646875 0.24375 0.13828125
6 0.4046875 0.6015625 0.5234375 0.0296875
6 0.41171875 0.66640625 0.521875 0.0609375
3 0.059375 0.715625 0.05 0.02578125
4 0.840625 0.83359375 0.2453125 0.13828125
6 0.3625 0.81015625 0.6140625 0.07265625
6 0.41953125 0.89609375 0.496875 0.0609375
3 0.059375 0.9015625 0.05 0.02578125
6 0.40546875 0.975 0.521875 0.0296875
4 0.83984375 0.975 0.24375 0.0484375