6 0.81484375 0.51953125 0.296875 0.0203125
6 0.80390625 0.59921875 0.3109375 0.02421875
6 0.8859375 0.6734375 0.15 0.01953125
6 0.903125 0.74921875 0.115625 0.0203125
6 0.86484375 0.82890625 0.1921875 0.02421875
6 0.8453125 0.9046875 0.234375 0.02578125
3 0.89921875 0.96015625 0.046875 0.02421875
3 0.70234375 0.96015625 0.04375 0.02578125
3 0.50078125 0.96015625 0.0515625 0.0265625
3 0.303125 0.96015625 0.0515625 0.02890625
3 0.1015625 0.9609375 0.05 0.028125
3 0.9328125 0.07109375 0.040625 0.02265625
6 0.67734375 0.071875 0.296875 0.0234375
4 0.50078125 0.2953125 0.9984375 0.371875