6 0.903125 0.21796875 0.1171875 0.01953125
6 0.8 0.13203125 0.3109375 0.05859375
3 0.8640625 0.4296875 0.1171875 0.065625
6 0.428125 0.43203125 0.678125 0.04765625
6 0.56171875 0.546875 0.715625 0.040625
7 0.678125 0.7 0.490625 0.0453125
7 0.23828125 0.634375 0.31875 0.0453125
7 0.56328125 0.63515625 0.2578125 0.04453125
7 0.82578125 0.63515625 0.1921875 0.04453125
3 0.9 0.96640625 0.05 0.02890625
3 0.70078125 0.96640625 0.0515625 0.02890625
3 0.50078125 0.965625 0.0515625 0.02578125
3 0.3015625 0.96640625 0.0421875 0.0296875
3 0.10078125 0.96640625 0.0125 0.02265625