3 0.8984375 0.9609375 0.05 0.028125
3 0.696875 0.96171875 0.0515625 0.02890625
3 0.49921875 0.96015625 0.0515625 0.0265625
3 0.29765625 0.96015625 0.04375 0.02578125
3 0.1 0.96015625 0.046875 0.02421875
4 0.115625 0.76015625 0.1578125 0.0890625
4 0.115625 0.62890625 0.1578125 0.0890625
4 0.115625 0.4984375 0.1578125 0.0890625
4 0.115625 0.3671875 0.1578125 0.0890625
4 0.115625 0.23515625 0.1578125 0.0890625
4 0.115625 0.10390625 0.1578125 0.0890625
6 0.3546875 0.76484375 0.24375 0.0296875
6 0.37890625 0.6296875 0.2921875 0.02421875
6 0.39765625 0.4984375 0.3234375 0.02578125
6 0.38515625 0.36796875 0.2984375 0.02265625
6 0.3265625 0.2359375 0.1859375 0.02578125
6 0.39609375 0.10625 0.31875 0.02421875