6 0.125 0.4984375 0.1703125 0.0234375
6 0.209375 0.33359375 0.334375 0.021875
6 0.3203125 0.2328125 0.5546875 0.02734375
6 0.67109375 0.64296875 0.196875 0.02265625
2 0.496875 0.33984375 0.9203125 0.0359375
6 0.3421875 0.071875 0.334375 0.02265625
6 0.35390625 0.153125 0.628125 0.0234375
6 0.71796875 0.39296875 0.21875 0.01875
6 0.24296875 0.39140625 0.328125 0.015625
6 0.21484375 0.428125 0.271875 0.01484375
6 0.678125 0.42734375 0.1390625 0.015625
6 0.39140625 0.64296875 0.325 0.0234375
7 0.49921875 0.5765625 0.9234375 0.065625
2 0.4953125 0.23671875 0.9125 0.0359375
2 0.44609375 0.50234375 0.8171875 0.03125
3 0.9109375 0.48828125 0.05625 0.03125
3 0.93125 0.3328125 0.0515625 0.01875
3 0.0671875 0.07109375 0.040625 0.0234375