6 0.825 0.621875 0.25 0.0140625
6 0.53125 0.65625 0.2375 0.01953125
6 0.653125 0.7828125 0.59375 0.01953125
6 0.7828125 0.74140625 0.334375 0.0171875
6 0.459375 0.7015625 0.2953125 0.01953125
6 0.790625 0.69765625 0.31875 0.02421875
6 0.86796875 0.6546875 0.1671875 0.0171875
7 0.5 0.946875 0.903125 0.07578125
7 0.5015625 0.8578125 0.903125 0.07578125
6 0.45 0.621875 0.403125 0.0171875
6 0.6171875 0.5671875 0.665625 0.04375
6 0.8375 0.515625 0.221875 0.02109375
3 0.93203125 0.07109375 0.0390625 0.02109375
3 0.04921875 0.07109375 0.0125 0.02265625
3 0.14375 0.07265625 0.04375 0.02578125
3 0.26640625 0.07109375 0.053125 0.03046875
3 0.38359375 0.07109375 0.059375 0.0328125
3 0.5 0.0703125 0.0453125 0.02421875
4 0.49921875 0.25859375 0.3171875 0.29765625