7 0.109375 0.0625 0.196875 0.03125
4 0.5015625 0.065625 0.25625 0.034375
3 0.946875 0.06328125 0.059375 0.034375
4 0.25625 0.878125 0.465625 0.2421875
4 0.7421875 0.878125 0.4625 0.2421875
6 0.82421875 0.71640625 0.2765625 0.02421875
4 0.74375 0.56171875 0.465625 0.26171875
6 0.40703125 0.7140625 0.1359375 0.01953125
4 0.25625 0.56171875 0.465625 0.26171875
6 0.40390625 0.38828125 0.1390625 0.0203125
4 0.25625 0.23671875 0.465625 0.26171875
6 0.8875 0.39140625 0.1453125 0.02421875
4 0.74296875 0.23671875 0.4640625 0.26171875