7 0.890625 0.0625 0.196875 0.03125
4 0.4984375 0.065625 0.25625 0.034375
3 0.053125 0.0640625 0.059375 0.03359375
4 0.74375 0.88125 0.465625 0.2375
4 0.25625 0.88125 0.465625 0.2375
6 0.21875 0.72265625 0.359375 0.02421875
4 0.25625 0.56796875 0.465625 0.26171875
6 0.61328125 0.7203125 0.171875 0.01953125
4 0.74375 0.5671875 0.465625 0.2609375
6 0.6125 0.39375 0.1703125 0.01953125
4 0.74375 0.24140625 0.465625 0.2625
6 0.0890625 0.39375 0.1 0.01953125
4 0.25703125 0.24140625 0.4640625 0.26171875