7 0.890625 0.06328125 0.196875 0.03125
4 0.4984375 0.065625 0.25625 0.034375
3 0.053125 0.0640625 0.059375 0.03359375
4 0.74375 0.878125 0.465625 0.2421875
4 0.25625 0.87890625 0.4625 0.24140625
6 0.090625 0.7140625 0.103125 0.0203125
4 0.25703125 0.56171875 0.4640625 0.26171875
6 0.6078125 0.71640625 0.165625 0.02578125
4 0.74375 0.56171875 0.465625 0.2609375
6 0.6234375 0.3890625 0.1921875 0.01953125
4 0.74375 0.23671875 0.465625 0.26171875
6 0.12265625 0.38828125 0.16875 0.0203125
4 0.25703125 0.23671875 0.4640625 0.26171875