3 0.090625 0.07109375 0.0515625 0.028125
3 0.54765625 0.0703125 0.0375 0.0296875
3 0.9015625 0.071875 0.025 0.00703125
3 0.49921875 0.74453125 0.0375 0.02109375
3 0.1 0.95 0.05625 0.028125
3 0.3 0.94921875 0.059375 0.02890625
3 0.5 0.95 0.05625 0.03125
3 0.6984375 0.94921875 0.046875 0.03046875
3 0.89921875 0.94921875 0.0578125 0.02890625
6 0.1 0.9796875 0.078125 0.01328125
6 0.29921875 0.9796875 0.1234375 0.01328125
6 0.4984375 0.97890625 0.090625 0.0140625
6 0.69921875 0.9796875 0.109375 0.01328125
6 0.89765625 0.978125 0.0625 0.015625
6 0.5 0.8984375 0.578125 0.01953125
6 0.496875 0.8234375 0.784375 0.05625
6 0.5 0.7765625 0.6671875 0.0171875
6 0.5 0.43359375 0.7671875 0.01875
6 0.5 0.540625 0.928125 0.05625
6 0.50078125 0.484375 0.490625 0.04921875
7 0.49921875 0.653125 0.890625 0.0625
6 0.209375 0.14296875 0.1515625 0.01640625
6 0.49921875 0.14296875 0.271875 0.01640625
6 0.765625 0.14296875 0.1046875 0.01640625
6 0.946875 0.14296875 0.09375 0.015625
6 0.753125 0.071875 0.1296875 0.01484375
6 0.2203125 0.071875 0.1515625 0.02109375
4 0.49921875 0.27890625 0.9984375 0.20703125
2 0.49921875 0.07109375 0.921875 0.0546875