3 0.94765625 0.06875 0.0265625 0.02421875
6 0.8796875 0.06875 0.090625 0.01875
6 0.5 0.15390625 0.7 0.0359375
6 0.8953125 0.21953125 0.1328125 0.01875
6 0.846875 0.2421875 0.2265625 0.01484375
6 0.8734375 0.290625 0.171875 0.01875
6 0.83359375 0.315625 0.253125 0.01875
6 0.9171875 0.3609375 0.0828125 0.01875
6 0.8625 0.38515625 0.196875 0.01484375
6 0.865625 0.43203125 0.1875 0.01875
6 0.83671875 0.4578125 0.246875 0.01875
6 0.909375 0.503125 0.1015625 0.0171875
6 0.82734375 0.5265625 0.265625 0.015625
6 0.8625 0.57734375 0.196875 0.021875
6 0.88671875 0.5984375 0.146875 0.0140625
6 0.85234375 0.64609375 0.215625 0.0171875
6 0.809375 0.67109375 0.3078125 0.01953125
6 0.903125 0.71953125 0.115625 0.021875
6 0.88046875 0.7421875 0.1609375 0.01953125
7 0.50078125 0.94765625 0.2046875 0.06171875