6 0.275 0.5890625 0.2203125 0.0171875
6 0.1 0.49921875 0.0171875 0.0234375
6 0.103125 0.45859375 0.071875 0.01640625
6 0.58984375 0.78828125 0.521875 0.0609375
3 0.1 0.96640625 0.05 0.02890625
3 0.2984375 0.96640625 0.05 0.02734375
3 0.49921875 0.965625 0.0515625 0.02578125
3 0.6984375 0.96640625 0.0421875 0.02890625
3 0.8984375 0.96640625 0.0140625 0.0234375
3 0.940625 0.79375 0.05 0.02578125
6 0.57109375 0.8859375 0.484375 0.06640625
6 0.509375 0.69921875 0.359375 0.06796875
4 0.159375 0.8890625 0.2453125 0.09140625
4 0.16015625 0.72578125 0.24375 0.13671875
6 0.3046875 0.55078125 0.2796875 0.0203125
6 0.540625 0.48671875 0.7453125 0.0703125
3 0.734375 0.40546875 0.1203125 0.06796875
3 0.86796875 0.40546875 0.115625 0.065625
6 0.325 0.090625 0.5703125 0.0265625
4 0.5 0.27578125 0.921875 0.26015625