6 0.240625 0.71640625 0.1859375 0.01953125
6 0.196875 0.61328125 0.096875 0.0171875
6 0.55625 0.19453125 0.5328125 0.0328125
4 0.225 0.19375 0.1 0.0578125
5 0.49921875 0.64140625 0.884375 0.71640625
3 0.49921875 0.32109375 0.084375 0.01640625
7 0.49921875 0.39140625 0.7296875 0.065625
7 0.49921875 0.4921875 0.7296875 0.065625
2 0.50078125 0.621875 0.7125 0.034375
2 0.49921875 0.72421875 0.7125 0.034375
6 0.32578125 0.8046875 0.3765625 0.01953125
6 0.49765625 0.95234375 0.1484375 0.02265625
7 0.49921875 0.8703125 0.7296875 0.065625