6 0.725 0.5890625 0.2203125 0.0171875
6 0.9 0.49921875 0.0171875 0.0234375
6 0.896875 0.45859375 0.071875 0.01640625
6 0.41015625 0.78828125 0.521875 0.0609375
3 0.9 0.96640625 0.05 0.02890625
3 0.7015625 0.96640625 0.05 0.02734375
3 0.50078125 0.965625 0.0515625 0.02578125
3 0.3015625 0.96640625 0.0421875 0.02890625
3 0.1015625 0.96640625 0.0140625 0.0234375
3 0.059375 0.79375 0.05 0.02578125
6 0.42890625 0.8859375 0.484375 0.06640625
6 0.490625 0.69921875 0.359375 0.06796875
4 0.840625 0.8890625 0.2453125 0.09140625
4 0.83984375 0.72578125 0.24375 0.13671875
6 0.6953125 0.55078125 0.2796875 0.0203125
6 0.459375 0.48671875 0.7453125 0.0703125
3 0.265625 0.40546875 0.1203125 0.06796875
3 0.13203125 0.40546875 0.1171875 0.065625
6 0.675 0.090625 0.5703125 0.0265625
4 0.5 0.27578125 0.921875 0.26015625