6 0.7765625 0.24375 0.3421875 0.0265625
2 0.53984375 0.2484375 0.8265625 0.03515625
6 0.771875 0.07109375 0.3796875 0.02265625
6 0.834375 0.1421875 0.271875 0.0171875
6 0.49921875 0.1421875 0.19375 0.0171875
6 0.16875 0.1421875 0.265625 0.015625
6 0.59375 0.35390625 0.096875 0.01640625
6 0.94140625 0.35390625 0.0390625 0.02421875
6 0.54296875 0.43125 0.196875 0.01875
6 0.5453125 0.509375 0.19375 0.0171875
6 0.496875 0.58828125 0.290625 0.0171875
6 0.5328125 0.66640625 0.21875 0.0171875
6 0.60390625 0.74375 0.075 0.0171875
6 0.58984375 0.821875 0.1046875 0.0171875
6 0.578125 0.90234375 0.121875 0.021875
6 0.87578125 0.978125 0.084375 0.015625
6 0.6265625 0.97734375 0.1140625 0.01875
6 0.37578125 0.98046875 0.1375 0.01953125
6 0.12578125 0.97890625 0.0734375 0.015625
6 0.9421875 0.90078125 0.03125 0.02421875
3 0.04921875 0.24453125 0.0546875 0.03046875
4 0.73828125 0.35390625 0.11875 0.04296875
4 0.73828125 0.43125 0.115625 0.06796875
4 0.7375 0.509375 0.109375 0.009375
4 0.73828125 0.5875 0.11875 0.05703125
4 0.7390625 0.6609375 0.1171875 0.02265625
4 0.73828125 0.74140625 0.11875 0.0328125
4 0.7390625 0.821875 0.1171875 0.0171875
4 0.73828125 0.89765625 0.11875 0.03046875
3 0.875 0.94921875 0.05 0.02578125
3 0.62734375 0.94609375 0.046875 0.0265625
3 0.37578125 0.94921875 0.0515625 0.02734375
3 0.1265625 0.95 0.0421875 0.0078125