6 0.6828125 0.0734375 0.3984375 0.0234375
6 0.778125 0.7515625 0.325 0.021875
3 0.06953125 0.071875 0.0359375 0.02734375
3 0.934375 0.071875 0.0484375 0.02734375
6 0.746875 0.3359375 0.3890625 0.01875
6 0.77578125 0.3671875 0.3328125 0.02265625
6 0.8375 0.4 0.20625 0.01875
6 0.8734375 0.43125 0.1359375 0.02109375
3 0.56484375 0.4296875 0.0125 0.0203125
3 0.56875 0.15234375 0.0546875 0.028125
3 0.08828125 0.15234375 0.0546875 0.02890625
6 0.2703125 0.33828125 0.3828125 0.021875
6 0.34140625 0.3671875 0.2359375 0.021875
6 0.33828125 0.39921875 0.2484375 0.01875
6 0.3984375 0.43125 0.128125 0.02109375
3 0.08515625 0.43046875 0.0125 0.02109375
6 0.7421875 0.6890625 0.3984375 0.01875
6 0.821875 0.71953125 0.2421875 0.021875
6 0.8875 0.784375 0.109375 0.021875
3 0.56484375 0.78359375 0.0125 0.02109375
6 0.27109375 0.68828125 0.38125 0.0171875
6 0.34453125 0.7203125 0.2359375 0.0203125
6 0.35859375 0.75234375 0.20625 0.01953125
6 0.38984375 0.784375 0.14375 0.02109375
3 0.084375 0.7828125 0.0125 0.02109375
3 0.56796875 0.50625 0.053125 0.0265625
3 0.08828125 0.50546875 0.0515625 0.0265625
3 0.08828125 0.8578125 0.0546875 0.028125
3 0.56796875 0.85703125 0.05625 0.02890625
4 0.73984375 0.215625 0.44375 0.1859375
4 0.740625 0.56875 0.4421875 0.18515625
4 0.2609375 0.56875 0.4421875 0.18515625
4 0.26015625 0.9140625 0.44375 0.1703125
4 0.740625 0.9140625 0.4453125 0.1703125
4 0.259375 0.21640625 0.44375 0.1875
2 0.5 0.07109375 0.9609375 0.05546875