6 0.14375 0.52890625 0.2046875 0.0203125
6 0.18515625 0.47265625 0.290625 0.01953125
6 0.26328125 0.07265625 0.4484375 0.0328125
6 0.50078125 0.30625 0.0484375 0.01875
6 0.240625 0.38359375 0.1265625 0.01640625
6 0.740625 0.38359375 0.1671875 0.01640625
6 0.18671875 0.58515625 0.29375 0.01953125
6 0.85390625 0.69921875 0.2 0.04453125
6 0.34765625 0.64375 0.61875 0.02265625
6 0.29765625 0.6765625 0.446875 0.01953125
6 0.3125 0.70625 0.471875 0.01953125
6 0.234375 0.7375 0.3203125 0.01953125
6 0.296875 0.76796875 0.4453125 0.01953125
6 0.815625 0.76328125 0.2640625 0.0171875
4 0.7171875 0.69765625 0.0546875 0.046875
7 0.4984375 0.9421875 0.946875 0.07890625
3 0.053125 0.76171875 0.025 0.0140625
3 0.0515625 0.73125 0.025 0.0140625
3 0.053125 0.70078125 0.025 0.0140625
3 0.053125 0.6703125 0.025 0.01484375
3 0.940625 0.07109375 0.0359375 0.02109375
7 0.4984375 0.16328125 0.5953125 0.05703125
7 0.49765625 0.234375 0.6015625 0.05546875
2 0.49921875 0.47421875 0.9234375 0.03828125
2 0.49921875 0.53359375 0.9234375 0.0296875