6 0.68203125 0.07421875 0.4 0.0234375
6 0.90078125 0.978125 0.0875 0.01484375
6 0.7 0.978125 0.1359375 0.01484375
6 0.5015625 0.978125 0.10625 0.015625
6 0.3015625 0.978125 0.053125 0.01484375
6 0.10234375 0.978125 0.065625 0.01484375
3 0.10390625 0.94921875 0.05625 0.03046875
3 0.30078125 0.94921875 0.0515625 0.0296875
3 0.50078125 0.95 0.0515625 0.02890625
3 0.70078125 0.95 0.0515625 0.0265625
3 0.89921875 0.95 0.0515625 0.02890625
4 0.92265625 0.1640625 0.11875 0.06640625
4 0.92265625 0.2515625 0.11875 0.065625
4 0.92265625 0.33984375 0.11875 0.065625
4 0.92265625 0.425 0.11875 0.06328125
4 0.9203125 0.5171875 0.1125 0.03359375
4 0.92265625 0.6015625 0.11875 0.065625
4 0.92265625 0.6890625 0.11875 0.065625
4 0.92265625 0.7765625 0.11875 0.06796875
4 0.92265625 0.8640625 0.11875 0.06484375
6 0.653125 0.865625 0.34375 0.0203125
6 0.596875 0.78046875 0.45625 0.02578125
6 0.62578125 0.69296875 0.39375 0.02578125
6 0.603125 0.60390625 0.440625 0.01953125
6 0.59921875 0.515625 0.4484375 0.01953125
6 0.6765625 0.42890625 0.2953125 0.0203125
6 0.64453125 0.34296875 0.35625 0.02421875
6 0.653125 0.25703125 0.340625 0.0234375
6 0.60234375 0.16875 0.44375 0.02578125
3 0.93359375 0.07109375 0.046875 0.0265625
3 0.06875 0.071875 0.034375 0.0265625
2 0.50078125 0.07109375 0.959375 0.0546875