6 0.5890625 0.978125 0.5 0.04140625
4 0.178125 0.96953125 0.278125 0.0609375
6 0.290625 0.896875 0.509375 0.03515625
6 0.503125 0.81171875 0.83125 0.01953125
3 0.0515625 0.81171875 0.0296875 0.02265625
6 0.1421875 0.75703125 0.2078125 0.0171875
6 0.48828125 0.67421875 0.9078125 0.0984375
7 0.140625 0.57890625 0.2125 0.04375
6 0.93046875 0.58125 0.05 0.0140625
6 0.7203125 0.57890625 0.1125 0.015625
4 0.621875 0.5765625 0.059375 0.03359375
3 0.86171875 0.57734375 0.0578125 0.03125
3 0.915625 0.45703125 0.0703125 0.0359375
6 0.31328125 0.4640625 0.5546875 0.04453125
3 0.93984375 0.07109375 0.0546875 0.0265625
3 0.059375 0.0703125 0.053125 0.02421875
4 0.49921875 0.2671875 0.9984375 0.4703125
3 0.8484375 0.5328125 0.2140625 0.01875