4 0.74375 0.9515625 0.465625 0.096875
4 0.25625 0.9515625 0.465625 0.096875
6 0.15078125 0.86171875 0.2296875 0.01875
6 0.60078125 0.86171875 0.1484375 0.01875
4 0.74453125 0.70859375 0.4671875 0.2625
4 0.25625 0.70859375 0.465625 0.2625
3 0.965625 0.52578125 0.021875 0.01953125
6 0.65546875 0.52421875 0.546875 0.0171875
6 0.128125 0.459375 0.2 0.02265625
3 0.1328125 0.4296875 0.215625 0.0203125
6 0.29921875 0.37890625 0.5515625 0.05625
6 0.54453125 0.42890625 0.196875 0.0140625
6 0.80703125 0.459375 0.1890625 0.02265625
3 0.81640625 0.4296875 0.2140625 0.0203125
6 0.853125 0.3796875 0.290625 0.05625
4 0.853125 0.22578125 0.290625 0.21015625
4 0.353125 0.22578125 0.65625 0.21015625
3 0.053125 0.0640625 0.0609375 0.034375
4 0.4984375 0.065625 0.25625 0.034375
7 0.890625 0.0625 0.196875 0.03125