6 0.078125 0.07109375 0.1140625 0.01640625
6 0.371875 0.14609375 0.146875 0.02265625
6 0.2859375 0.19609375 0.390625 0.0421875
6 0.1484375 0.27421875 0.1640625 0.01875
6 0.371875 0.3515625 0.146875 0.02265625
6 0.275 0.40390625 0.4140625 0.046875
6 0.1484375 0.48046875 0.1671875 0.01875
6 0.3828125 0.5578125 0.1046875 0.0234375
6 0.296875 0.61015625 0.36875 0.046875
6 0.15625 0.68828125 0.184375 0.02109375
6 0.371875 0.76484375 0.1453125 0.02265625
6 0.3 0.8140625 0.3640625 0.04296875
6 0.146875 0.89375 0.1640625 0.02109375
6 0.371875 0.9703125 0.1453125 0.02265625
4 0.746875 0.97109375 0.45625 0.05625
4 0.74765625 0.8328125 0.4578125 0.19296875
4 0.746875 0.62734375 0.45625 0.19296875
4 0.74765625 0.42109375 0.4578125 0.19296875
4 0.746875 0.21484375 0.45625 0.1921875
3 0.9328125 0.07109375 0.040625 0.02265625
3 0.2140625 0.0703125 0.0453125 0.02421875
3 0.0890625 0.1453125 0.05 0.0265625
3 0.46875 0.1453125 0.0265625 0.0140625
3 0.46796875 0.35078125 0.025 0.01328125
3 0.0890625 0.35078125 0.05 0.0265625
3 0.46328125 0.55703125 0.028125 0.015625
3 0.0890625 0.5578125 0.05 0.02578125
3 0.090625 0.7625 0.0515625 0.02421875
3 0.46875 0.76328125 0.0265625 0.0140625
3 0.0890625 0.9703125 0.05 0.0265625
3 0.46875 0.96953125 0.0265625 0.0140625