6 0.73046875 0.08828125 0.1890625 0.01953125
6 0.3390625 0.346875 0.2140625 0.021875
6 0.85390625 0.346875 0.096875 0.02109375
6 0.8734375 0.79453125 0.134375 0.0125
6 0.8 0.82578125 0.278125 0.02265625
6 0.80625 0.8546875 0.265625 0.0234375
6 0.73125 0.88359375 0.0515625 0.0140625
3 0.82734375 0.884375 0.1234375 0.01328125
6 0.91796875 0.88359375 0.0453125 0.0140625
6 0.89921875 0.98046875 0.115625 0.01171875
6 0.7 0.98046875 0.0859375 0.0125
6 0.5015625 0.98046875 0.071875 0.01171875
6 0.30234375 0.98046875 0.0828125 0.01171875
6 0.10390625 0.98046875 0.103125 0.0125
3 0.1046875 0.95234375 0.059375 0.03359375
3 0.30390625 0.9515625 0.0546875 0.0296875
4 0.503125 0.95234375 0.053125 0.03125
3 0.70078125 0.95234375 0.059375 0.0296875
3 0.8984375 0.95234375 0.05 0.03125
3 0.35078125 0.884375 0.1234375 0.01328125
6 0.45234375 0.8828125 0.065625 0.01484375
6 0.253125 0.88359375 0.0546875 0.0140625
6 0.35625 0.8546875 0.2578125 0.0234375
6 0.41875 0.79453125 0.13125 0.009375
6 0.3390625 0.82578125 0.2890625 0.02109375
6 0.5984375 0.48046875 0.6859375 0.03515625
6 0.57578125 0.5453125 0.7328125 0.0609375
3 0.57109375 0.640625 0.0359375 0.01953125
4 0.728125 0.6890625 0.425 0.1609375
3 0.115625 0.63984375 0.034375 0.01875
4 0.2734375 0.6890625 0.425 0.16015625
4 0.2734375 0.23515625 0.425 0.1609375
4 0.728125 0.2359375 0.425 0.16015625
3 0.8765625 0.08984375 0.028125 0.01484375
2 0.5 0.08984375 0.8703125 0.065625