6 0.590625 0.26640625 0.184375 0.015625
6 0.6640625 0.07265625 0.3171875 0.03125
6 0.82109375 0.14453125 0.2140625 0.0171875
6 0.49140625 0.14453125 0.1609375 0.0171875
6 0.17109375 0.14375 0.1953125 0.021875
6 0.79296875 0.2171875 0.0921875 0.01875
6 0.41953125 0.246875 0.4953125 0.01875
6 0.77421875 0.259375 0.1265625 0.02890625
6 0.81953125 0.31484375 0.0453125 0.01875
6 0.6546875 0.35 0.36875 0.02421875
6 0.7828125 0.40703125 0.121875 0.0234375
6 0.72890625 0.4453125 0.225 0.02109375
6 0.75859375 0.4984375 0.1640625 0.01953125
6 0.82578125 0.5296875 0.021875 0.0265625
6 0.3203125 0.4984375 0.0984375 0.01953125
6 0.29375 0.5328125 0.1484375 0.02578125
6 0.309375 0.40703125 0.115625 0.01875
6 0.2546875 0.44609375 0.2234375 0.01953125
3 0.0546875 0.06953125 0.0125 0.0265625
3 0.93203125 0.07109375 0.0421875 0.0234375
4 0.90625 0.24140625 0.0796875 0.04453125
4 0.90546875 0.33359375 0.08125 0.04453125
3 0.9078125 0.4234375 0.0828125 0.04453125
4 0.90546875 0.515625 0.0640625 0.04453125
4 0.43046875 0.515625 0.059375 0.03515625
3 0.53359375 0.53828125 0.021875 0.0125
3 0.06171875 0.53828125 0.0234375 0.0125
3 0.434375 0.42421875 0.078125 0.04453125
7 0.5 0.94453125 0.9453125 0.078125