6 0.26015625 0.3890625 0.284375 0.01640625
6 0.20703125 0.30859375 0.178125 0.01640625
6 0.2515625 0.228125 0.2671875 0.01875
6 0.175 0.1484375 0.109375 0.0171875
2 0.49296875 0.153125 0.896875 0.03359375
2 0.49296875 0.23359375 0.896875 0.02890625
2 0.49453125 0.31484375 0.896875 0.034375
2 0.49453125 0.3953125 0.896875 0.034375
6 0.5 0.071875 0.4 0.02265625
6 0.5 0.56640625 0.6203125 0.0421875
7 0.4984375 0.48515625 0.921875 0.06640625
3 0.0671875 0.07109375 0.0578125 0.0296875
3 0.06875 0.14765625 0.034375 0.0203125
3 0.06796875 0.22734375 0.0359375 0.01875
3 0.06796875 0.30859375 0.0359375 0.0203125
3 0.06875 0.38828125 0.034375 0.0203125