6 0.4109375 0.978125 0.5 0.04140625
4 0.821875 0.96953125 0.278125 0.0609375
6 0.709375 0.896875 0.509375 0.03515625
6 0.496875 0.81171875 0.83125 0.01953125
3 0.9484375 0.81171875 0.0296875 0.02265625
6 0.8578125 0.75703125 0.2078125 0.0171875
6 0.51171875 0.67421875 0.9078125 0.0984375
7 0.859375 0.57890625 0.2125 0.04375
6 0.06953125 0.58125 0.05 0.0140625
6 0.2796875 0.57890625 0.1125 0.015625
4 0.378125 0.5765625 0.059375 0.03359375
3 0.13828125 0.57734375 0.0578125 0.03125
3 0.084375 0.45703125 0.0703125 0.0359375
6 0.68671875 0.4640625 0.5546875 0.04453125
3 0.06015625 0.07109375 0.0546875 0.0265625
3 0.940625 0.0703125 0.053125 0.02421875
4 0.50078125 0.2671875 0.9984375 0.4703125
3 0.1515625 0.5328125 0.2140625 0.01875