6 0.3171875 0.075 0.3984375 0.02421875
3 0.93046875 0.071875 0.0359375 0.02734375
3 0.0671875 0.07109375 0.0484375 0.028125
6 0.34609375 0.61484375 0.3421875 0.0234375
6 0.39765625 0.5265625 0.44375 0.02578125
6 0.3 0.43984375 0.2453125 0.02265625
6 0.34609375 0.35 0.3359375 0.01953125
6 0.2 0.2625 0.05 0.0203125
6 0.5 0.19296875 0.4109375 0.02421875
6 0.4984375 0.15234375 0.246875 0.01953125
2 0.5 0.07109375 0.9609375 0.05625
4 0.07734375 0.52265625 0.11875 0.065625
4 0.07734375 0.43515625 0.11875 0.0640625
4 0.07734375 0.34765625 0.11875 0.06640625
4 0.07734375 0.26015625 0.11875 0.06640625
4 0.078125 0.6109375 0.11875 0.065625
4 0.078125 0.6984375 0.1171875 0.06640625
6 0.35546875 0.7015625 0.35625 0.02578125
6 0.3234375 0.78671875 0.2953125 0.01953125
4 0.078125 0.784375 0.1171875 0.0640625
6 0.3984375 0.875 0.446875 0.01953125
4 0.0796875 0.875 0.1125 0.03359375
3 0.09921875 0.95 0.0515625 0.0296875
6 0.1 0.978125 0.0890625 0.01484375
3 0.29921875 0.94921875 0.0515625 0.02578125
6 0.3 0.978125 0.1359375 0.01484375
3 0.49921875 0.94921875 0.0515625 0.02890625
6 0.4984375 0.978125 0.10625 0.015625
3 0.69921875 0.94921875 0.0515625 0.03046875
6 0.69765625 0.97890625 0.0546875 0.0140625
3 0.896875 0.94921875 0.05625 0.03046875
6 0.89765625 0.978125 0.065625 0.01484375