6 0.25390625 0.2203125 0.1203125 0.01875
6 0.4984375 0.1390625 0.553125 0.06328125
2 0.49921875 0.2203125 0.8546875 0.05546875
3 0.1453125 0.2203125 0.0453125 0.0265625
7 0.49921875 0.91328125 0.8546875 0.090625
4 0.19609375 0.35859375 0.246875 0.13984375
4 0.49921875 0.3578125 0.2484375 0.13984375
4 0.803125 0.3578125 0.246875 0.13984375
4 0.196875 0.52421875 0.2484375 0.13984375
4 0.5 0.52421875 0.246875 0.13984375
4 0.803125 0.52421875 0.246875 0.13984375
4 0.19609375 0.68984375 0.246875 0.13984375
4 0.49921875 0.6890625 0.2484375 0.13984375
4 0.803125 0.6890625 0.246875 0.13984375