6 0.09453125 0.44453125 0.109375 0.01640625
6 0.465625 0.44375 0.15625 0.01640625
6 0.88515625 0.44453125 0.096875 0.01640625
4 0.0953125 0.36171875 0.1875 0.11328125
4 0.40234375 0.36171875 0.359375 0.1140625
4 0.79375 0.36171875 0.359375 0.11328125
6 0.753125 0.54765625 0.4125 0.0296875
6 0.5 0.62734375 0.4703125 0.02109375
6 0.49921875 0.675 0.2234375 0.0171875
6 0.73359375 0.7578125 0.453125 0.0296875
6 0.50078125 0.8359375 0.459375 0.02109375
6 0.884375 0.97734375 0.1796875 0.0171875
3 0.096875 0.96171875 0.046875 0.0171875
3 0.2890625 0.96171875 0.046875 0.02578125
3 0.478125 0.9609375 0.0546875 0.0234375
3 0.671875 0.96015625 0.0453125 0.02578125
3 0.88359375 0.95 0.05 0.028125
6 0.87578125 0.2578125 0.16875 0.02578125
6 0.56640625 0.1640625 0.5109375 0.05390625
6 0.84296875 0.07109375 0.23125 0.021875
3 0.9125 0.15859375 0.096875 0.0546875