6 0.50078125 0.07109375 0.2625 0.01875
6 0.1109375 0.14375 0.1453125 0.0171875
6 0.796875 0.146875 0.328125 0.0265625
6 0.53046875 0.215625 0.8640625 0.05703125
6 0.5640625 0.6515625 0.778125 0.05390625
6 0.0421875 0.6515625 0.0828125 0.05390625
6 0.04296875 0.7328125 0.084375 0.05078125
6 0.565625 0.7328125 0.775 0.05
6 0.11015625 0.82734375 0.14375 0.0171875
6 0.54609375 0.89609375 0.834375 0.05234375
6 0.7859375 0.83046875 0.35 0.02734375
6 0.1015625 0.9828125 0.084375 0.01171875
6 0.30078125 0.984375 0.109375 0.0140625
6 0.50078125 0.984375 0.09375 0.0140625
6 0.7015625 0.9828125 0.0921875 0.01171875
6 0.9 0.984375 0.1359375 0.0140625
3 0.9015625 0.95078125 0.0609375 0.0375
3 0.7015625 0.9515625 0.0640625 0.03828125
3 0.5015625 0.9515625 0.046875 0.03828125
4 0.3015625 0.95078125 0.04375 0.0375
3 0.103125 0.9515625 0.0671875 0.03515625
4 0.540625 0.43828125 0.8203125 0.31953125
4 0.04140625 0.43828125 0.08125 0.31953125