4 0.50078125 0.14453125 0.4828125 0.06484375
6 0.75 0.2625 0.103125 0.02265625
6 0.25078125 0.259375 0.3046875 0.01875
6 0.78828125 0.36171875 0.2484375 0.01640625
6 0.746875 0.44140625 0.334375 0.01640625
6 0.509375 0.51953125 0.884375 0.05078125
6 0.696875 0.59609375 0.503125 0.021875
6 0.5265625 0.653125 0.721875 0.04296875
6 0.7890625 0.69453125 0.1921875 0.015625
6 0.54453125 0.73828125 0.68125 0.0375
6 0.50234375 0.88203125 0.4796875 0.015625
4 0.56875 0.93828125 0.0703125 0.040625
3 0.87109375 0.93828125 0.0671875 0.03828125
3 0.25859375 0.93828125 0.0671875 0.0328125
6 0.1578125 0.93828125 0.1015625 0.01484375
6 0.75390625 0.9390625 0.134375 0.0140625
6 0.44765625 0.94140625 0.140625 0.01875
2 0.5 0.4421875 0.90625 0.06875
2 0.5015625 0.36171875 0.90625 0.06875