6 0.809375 0.3328125 0.1890625 0.01953125
6 0.853125 0.25546875 0.1046875 0.0203125
4 0.50078125 0.89921875 0.9984375 0.2
2 0.50078125 0.33984375 0.81875 0.034375
2 0.50078125 0.2625 0.81875 0.034375
6 0.78203125 0.0734375 0.1671875 0.03046875
6 0.24140625 0.16328125 0.1609375 0.01953125
6 0.690625 0.16328125 0.134375 0.01953125
6 0.46953125 0.46875 0.4671875 0.02578125
3 0.9328125 0.071875 0.0375 0.02109375
3 0.79765625 0.1625 0.0515625 0.02109375
3 0.35625 0.16171875 0.0375 0.03125
3 0.740625 0.465625 0.03125 0.0234375
7 0.50078125 0.39921875 0.8375 0.06328125
0 0.50078125 0.515625 0.9984375 0.96640625