3 0.06875 0.30546875 0.034375 0.01875
4 0.2171875 0.409375 0.1375 0.07734375
4 0.49921875 0.409375 0.1375 0.07734375
4 0.7796875 0.409375 0.1375 0.07734375
4 0.2171875 0.57265625 0.1375 0.07734375
4 0.49921875 0.57265625 0.1375 0.07734375
4 0.7796875 0.57265625 0.1375 0.07734375
4 0.21796875 0.73671875 0.1390625 0.078125
4 0.49921875 0.7375 0.1375 0.07734375
3 0.7796875 0.7375 0.1375 0.07734375
4 0.2171875 0.90078125 0.1375 0.0765625
3 0.49921875 0.90078125 0.1375 0.078125
4 0.7796875 0.90078125 0.1375 0.078125
6 0.35546875 0.3078125 0.4421875 0.028125
6 0.21953125 0.465625 0.159375 0.015625
6 0.49921875 0.47578125 0.146875 0.0359375
6 0.7796875 0.47578125 0.1765625 0.0359375
6 0.2171875 0.6296875 0.065625 0.01484375
6 0.49921875 0.63984375 0.1875 0.0359375
6 0.78046875 0.63984375 0.19375 0.03515625
6 0.21796875 0.80390625 0.13125 0.0359375
6 0.49921875 0.80390625 0.1796875 0.0359375
6 0.77890625 0.79375 0.071875 0.01484375
6 0.21796875 0.9578125 0.1203125 0.015625
6 0.50078125 0.96875 0.16875 0.03828125
6 0.78046875 0.95703125 0.0796875 0.015625
5 0.49921875 0.6328125 0.9984375 0.7328125