6 0.2484375 0.10390625 0.1203125 0.01875
6 0.75 0.10390625 0.2953125 0.01875
6 0.16953125 0.23828125 0.275 0.01953125
3 0.9578125 0.23984375 0.01875 0.015625
6 0.8640625 0.23828125 0.1109375 0.01484375
6 0.828125 0.45 0.28125 0.01484375
6 0.1859375 0.45 0.3109375 0.015625
6 0.49921875 0.825 0.1046875 0.0171875
6 0.49609375 0.8671875 0.7953125 0.02265625
3 0.459375 0.9578125 0.046875 0.0234375
6 0.53125 0.9578125 0.0578125 0.015625
6 0.49921875 0.90390625 0.34375 0.02265625
6 0.5328125 0.16796875 0.0203125 0.01484375
3 0.47734375 0.16796875 0.046875 0.02421875
4 0.840625 0.34375 0.3171875 0.1609375
4 0.340625 0.34296875 0.6296875 0.16171875
4 0.49921875 0.66015625 0.790625 0.18359375