7 0.11015625 0.0625 0.1984375 0.03125
4 0.50078125 0.065625 0.2546875 0.034375
3 0.946875 0.0640625 0.059375 0.03359375
4 0.25625 0.88203125 0.465625 0.23515625
4 0.74375 0.88203125 0.4625 0.23515625
6 0.8140625 0.72109375 0.296875 0.01953125
4 0.74375 0.56875 0.4625 0.26171875
6 0.3515625 0.72421875 0.2421875 0.0234375
4 0.25625 0.56875 0.465625 0.26171875
6 0.40625 0.3953125 0.1375 0.02109375
4 0.25625 0.2421875 0.465625 0.26171875
6 0.915625 0.396875 0.0890625 0.02421875
4 0.74296875 0.24296875 0.4640625 0.2609375