7 0.39921875 0.07109375 0.196875 0.05
7 0.59765625 0.071875 0.1984375 0.04921875
3 0.940625 0.07109375 0.0421875 0.03125
6 0.1421875 0.37421875 0.2078125 0.01875
6 0.8390625 0.37109375 0.2390625 0.01640625
6 0.09453125 0.7203125 0.1140625 0.0171875
6 0.85078125 0.71796875 0.21875 0.015625
6 0.0828125 0.9828125 0.06875 0.0125
6 0.25078125 0.984375 0.096875 0.015625
6 0.41640625 0.9828125 0.0859375 0.0125
6 0.584375 0.9828125 0.0671875 0.0125
6 0.75078125 0.984375 0.1125 0.01484375
6 0.91640625 0.9828125 0.0390625 0.0125
3 0.08203125 0.94453125 0.0609375 0.03125
3 0.24921875 0.94375 0.0578125 0.0296875
4 0.415625 0.94453125 0.0703125 0.040625
3 0.58203125 0.9453125 0.0671875 0.03046875
3 0.74921875 0.94453125 0.0546875 0.03359375
3 0.915625 0.94453125 0.0578125 0.03359375
3 0.8921875 0.85703125 0.1375 0.07734375
4 0.49921875 0.85859375 0.9984375 0.1171875
4 0.49921875 0.57109375 0.9984375 0.2328125
4 0.49921875 0.22578125 0.9984375 0.2328125