3 0.1015625 0.96015625 0.05 0.02890625
3 0.303125 0.96015625 0.05 0.02890625
3 0.50078125 0.96015625 0.0515625 0.02578125
3 0.70234375 0.96015625 0.04375 0.02578125
3 0.90078125 0.9609375 0.046875 0.0234375
6 0.7671875 0.9046875 0.384375 0.02578125
6 0.73125 0.828125 0.4578125 0.02578125
6 0.76484375 0.7515625 0.390625 0.02578125
6 0.809375 0.675 0.3015625 0.02578125
6 0.8125 0.59609375 0.2953125 0.0203125
6 0.778125 0.51953125 0.3609375 0.0203125
4 0.50078125 0.29453125 0.9984375 0.371875
6 0.7546875 0.071875 0.134375 0.0234375
3 0.93203125 0.07109375 0.0390625 0.02265625