3 0.93125 0.071875 0.040625 0.02265625
6 0.709375 0.07265625 0.234375 0.02734375
6 0.928125 0.15078125 0.046875 0.0171875
3 0.38203125 0.07109375 0.0453125 0.0265625
3 0.26484375 0.07109375 0.059375 0.03359375
3 0.14765625 0.07109375 0.053125 0.03125
3 0.04921875 0.07109375 0.0125 0.0234375
6 0.6828125 0.23671875 0.534375 0.02265625
6 0.846875 0.31796875 0.203125 0.01875
6 0.67265625 0.4 0.5546875 0.01875
6 0.73828125 0.484375 0.4265625 0.01875
6 0.75 0.5703125 0.40625 0.021875
6 0.78828125 0.65390625 0.328125 0.021875
6 0.82109375 0.7375 0.2640625 0.02265625
6 0.6890625 0.82109375 0.528125 0.02265625
6 0.73046875 0.90390625 0.4453125 0.02265625
6 0.8046875 0.9875 0.296875 0.02265625