3 0.4140625 0.23125 0.0703125 0.03984375
6 0.753125 0.07109375 0.1421875 0.0203125
6 0.50234375 0.2984375 0.1015625 0.01953125
6 0.50078125 0.3421875 0.234375 0.015625
6 0.4984375 0.45703125 0.128125 0.0125
6 0.165625 0.45859375 0.128125 0.01640625
6 0.83125 0.45703125 0.0796875 0.0125
6 0.49921875 0.41796875 0.0296875 0.01953125
6 0.16484375 0.41796875 0.0296875 0.01953125
6 0.8328125 0.41796875 0.0296875 0.01953125
6 0.8328125 0.534375 0.1375 0.0171875
6 0.5 0.53515625 0.1390625 0.015625
6 0.16796875 0.53671875 0.1390625 0.01953125
6 0.5 0.81171875 0.4640625 0.02109375
6 0.50078125 0.85078125 0.684375 0.0203125
7 0.73046875 0.621875 0.4609375 0.04453125
7 0.2703125 0.621875 0.459375 0.04453125
3 0.16953125 0.06953125 0.0640625 0.02890625
3 0.059375 0.07109375 0.0453125 0.02421875
3 0.9328125 0.071875 0.040625 0.02265625
4 0.5015625 0.17890625 0.2640625 0.14296875