6 0.66171875 0.103125 0.31875 0.028125
3 0.9 0.96015625 0.046875 0.0234375
3 0.70234375 0.96015625 0.04375 0.0234375
3 0.50078125 0.96015625 0.0515625 0.02578125
3 0.30390625 0.96015625 0.05 0.02890625
3 0.1015625 0.9609375 0.05 0.028125
3 0.0703125 0.8234375 0.0515625 0.02578125
3 0.54921875 0.82421875 0.0515625 0.02578125
6 0.4234375 0.8875 0.1140625 0.01875
6 0.38125 0.8375 0.2015625 0.04765625
6 0.903125 0.88828125 0.1125 0.0171875
6 0.815625 0.83671875 0.2875 0.04765625
6 0.4234375 0.49140625 0.1140625 0.01953125
3 0.06953125 0.42734375 0.05 0.0265625
3 0.54921875 0.42734375 0.0515625 0.02421875
6 0.3296875 0.440625 0.3015625 0.046875
6 0.903125 0.49140625 0.1125 0.01953125
6 0.80625 0.440625 0.3125 0.046875
3 0.884375 0.1 0.0421875 0.0234375
2 0.50078125 0.1 0.9234375 0.06640625
4 0.74140625 0.6734375 0.4390625 0.2484375
4 0.26171875 0.67265625 0.440625 0.2484375
4 0.2609375 0.27578125 0.4390625 0.2484375
4 0.740625 0.27578125 0.4390625 0.2484375