6 0.8546875 0.5078125 0.1921875 0.02734375
6 0.79296875 0.60859375 0.3109375 0.021875
6 0.8421875 0.7078125 0.209375 0.021875
6 0.35234375 0.40703125 0.2328125 0.0203125
6 0.83203125 0.4078125 0.234375 0.0203125
2 0.5015625 0.83515625 0.903125 0.034375
6 0.74140625 0.0734375 0.1671875 0.02734375
6 0.496875 0.15078125 0.71875 0.02265625
6 0.5015625 0.33125 0.296875 0.01875
6 0.5 0.9140625 0.7640625 0.01640625
7 0.50078125 0.9609375 0.9984375 0.0765625
6 0.6140625 0.8328125 0.6703125 0.02890625
2 0.50078125 0.71328125 0.9046875 0.03359375
2 0.50078125 0.6140625 0.9046875 0.03359375
2 0.50078125 0.51015625 0.9046875 0.03359375
2 0.740625 0.41328125 0.4234375 0.0328125
2 0.2609375 0.41328125 0.421875 0.0328125
3 0.0984375 0.8296875 0.025 0.00859375
3 0.08203125 0.7078125 0.0609375 0.0234375
3 0.10859375 0.14765625 0.025 0.0078125
4 0.8984375 0.146875 0.0453125 0.02578125
3 0.93125 0.071875 0.0375 0.02109375
3 0.76875 0.21953125 0.046875 0.028125
7 0.50078125 0.22109375 0.921875 0.05
7 0.50078125 0.27578125 0.921875 0.05