4 0.903125 0.26953125 0.065625 0.03515625
6 0.76171875 0.1828125 0.3578125 0.028125
6 0.62421875 0.2703125 0.4234375 0.01875
6 0.73046875 0.35546875 0.2109375 0.021875
6 0.61875 0.4390625 0.434375 0.021875
6 0.609375 0.52265625 0.4515625 0.021875
6 0.73984375 0.60703125 0.190625 0.02109375
6 0.7703125 0.690625 0.1296875 0.02109375
6 0.5859375 0.7734375 0.4953125 0.021875
6 0.646875 0.85703125 0.3765625 0.02109375
6 0.87578125 0.984375 0.078125 0.0125
6 0.62421875 0.984375 0.1734375 0.01328125
6 0.375 0.98515625 0.109375 0.01640625
6 0.125 0.984375 0.1453125 0.01328125
3 0.1265625 0.9546875 0.05625 0.03125
3 0.3765625 0.95546875 0.05625 0.0265625
3 0.62578125 0.95546875 0.0578125 0.02890625
3 0.875 0.9546875 0.05625 0.03125
4 0.90234375 0.85390625 0.0578125 0.03515625
4 0.90234375 0.77109375 0.0796875 0.040625
4 0.903125 0.68828125 0.0875 0.03671875
4 0.903125 0.60390625 0.0671875 0.0328125
4 0.903125 0.52109375 0.0609375 0.0375
4 0.903125 0.4375 0.0625 0.03515625
4 0.903125 0.35390625 0.053125 0.03671875
3 0.8921875 0.09609375 0.0453125 0.0265625
6 0.52890625 0.096875 0.5921875 0.0234375
2 0.50078125 0.0953125 0.9234375 0.078125