6 0.34609375 0.11171875 0.5921875 0.078125
6 0.48125 0.21484375 0.86875 0.0625
4 0.08203125 0.31875 0.0703125 0.0296875
6 0.27109375 0.31796875 0.271875 0.01953125
3 0.9265625 0.31953125 0.0171875 0.01640625
4 0.08203125 0.40546875 0.0703125 0.03046875
6 0.259375 0.403125 0.2484375 0.01953125
4 0.08359375 0.49140625 0.0703125 0.02890625
6 0.20703125 0.49296875 0.146875 0.0234375
4 0.08203125 0.57734375 0.0703125 0.0296875
6 0.2375 0.57578125 0.20625 0.01953125
3 0.92734375 0.40625 0.015625 0.01640625
3 0.9265625 0.4921875 0.0171875 0.01640625
3 0.9265625 0.57890625 0.0171875 0.0171875
4 0.08359375 0.66328125 0.0703125 0.0296875
6 0.19296875 0.66484375 0.1171875 0.02265625
4 0.0828125 0.74921875 0.071875 0.0296875
6 0.2234375 0.7484375 0.178125 0.01953125
4 0.0828125 0.8359375 0.071875 0.02890625
6 0.1953125 0.83515625 0.1234375 0.01953125
4 0.0828125 0.92109375 0.071875 0.03046875
6 0.23828125 0.91953125 0.2125 0.02265625
3 0.9265625 0.6640625 0.0171875 0.01640625
3 0.92578125 0.75078125 0.015625 0.0171875
3 0.92734375 0.8359375 0.015625 0.01640625
3 0.925 0.9234375 0.0171875 0.01640625