6 0.79140625 0.46953125 0.3359375 0.0234375
6 0.63125 0.39609375 0.6578125 0.021875
6 0.68046875 0.328125 0.559375 0.0234375
6 0.80390625 0.06328125 0.340625 0.021875
6 0.50078125 0.13671875 0.6078125 0.02578125
6 0.0828125 0.3953125 0.084375 0.01640625
6 0.08359375 0.4671875 0.0859375 0.01640625
6 0.4984375 0.55078125 0.853125 0.03515625
6 0.50234375 0.70078125 0.509375 0.0203125
7 0.5015625 0.6234375 0.921875 0.0625
2 0.5 0.48125 0.921875 0.04765625
2 0.5 0.40859375 0.921875 0.04765625
2 0.50078125 0.3390625 0.9234375 0.04453125
6 0.50234375 0.2828125 0.0375 0.0140625
3 0.7109375 0.2109375 0.13125 0.0734375
3 0.5015625 0.2109375 0.13125 0.0734375
3 0.29140625 0.2109375 0.13125 0.0734375
3 0.06328125 0.0625 0.0515625 0.02890625