4 0.840625 0.33671875 0.2453125 0.13828125
4 0.840625 0.5234375 0.2453125 0.13671875
4 0.840625 0.71015625 0.2453125 0.13671875
4 0.840625 0.89609375 0.2453125 0.13828125
3 0.059375 0.77890625 0.053125 0.02578125
3 0.059375 0.96484375 0.053125 0.02578125
6 0.440625 0.9140625 0.4609375 0.05625
6 0.371875 0.8515625 0.596875 0.0296875
6 0.44921875 0.77265625 0.440625 0.0609375
6 0.48046875 0.68671875 0.38125 0.07265625
3 0.059375 0.40546875 0.0515625 0.02421875
3 0.06015625 0.5921875 0.0515625 0.02578125
6 0.35625 0.584375 0.6234375 0.05625
6 0.3640625 0.5 0.6109375 0.07265625
6 0.4625 0.39765625 0.4171875 0.05625
6 0.365625 0.3109375 0.6109375 0.06640625
6 0.828125 0.21640625 0.259375 0.0234375
7 0.04609375 0.1421875 0.0859375 0.04453125
7 0.284375 0.1421875 0.315625 0.0453125
7 0.6078125 0.1421875 0.2546875 0.04453125
7 0.86640625 0.1421875 0.1890625 0.0453125
3 0.93203125 0.07109375 0.0421875 0.01875
6 0.6546875 0.07265625 0.340625 0.0265625
3 0.059375 0.07109375 0.0421875 0.0265625