6 0.49921875 0.065625 0.19375 0.01484375
6 0.83359375 0.12109375 0.2203125 0.01484375
6 0.50078125 0.12109375 0.1578125 0.01484375
6 0.16953125 0.12109375 0.10625 0.01484375
3 0.50234375 0.37734375 0.0375 0.0203125
6 0.5 0.43203125 0.7921875 0.03046875
6 0.4984375 0.4984375 0.8171875 0.04765625
7 0.5015625 0.6046875 0.8453125 0.078125
3 0.90078125 0.93828125 0.059375 0.03359375
3 0.7 0.93828125 0.059375 0.03359375
3 0.5 0.9390625 0.05625 0.03359375
3 0.30078125 0.93828125 0.059375 0.03359375
3 0.10234375 0.93828125 0.059375 0.03359375
6 0.1 0.97421875 0.0859375 0.01015625
6 0.3 0.975 0.09375 0.009375
6 0.50078125 0.97421875 0.109375 0.01015625
6 0.70078125 0.97421875 0.09375 0.01015625
6 0.9 0.97421875 0.0609375 0.01015625