3 0.8984375 0.9609375 0.05 0.028125
3 0.696875 0.9609375 0.05 0.028125
3 0.4984375 0.96015625 0.05 0.02578125
3 0.2984375 0.96015625 0.040625 0.0234375
3 0.09921875 0.96015625 0.046875 0.02265625
4 0.259375 0.86640625 0.4421875 0.1125
4 0.73828125 0.7984375 0.44375 0.24765625
6 0.14609375 0.75546875 0.2140625 0.01953125
6 0.19140625 0.7296875 0.303125 0.021875
6 0.6515625 0.6203125 0.2640625 0.01875
6 0.725 0.59375 0.4109375 0.02265625
4 0.73828125 0.4375 0.44375 0.24921875
4 0.259375 0.540625 0.4421875 0.31171875
6 0.15234375 0.33203125 0.2234375 0.01953125
6 0.12734375 0.30234375 0.1734375 0.01875
4 0.259375 0.15234375 0.44375 0.23984375
6 0.6265625 0.25859375 0.2140625 0.01875
6 0.615625 0.23203125 0.1921875 0.021875
4 0.7390625 0.115625 0.4421875 0.16796875