6 0.8546875 0.071875 0.2125 0.02265625
6 0.50078125 0.45234375 0.0515625 0.01640625
6 0.5015625 0.8796875 0.884375 0.040625
6 0.1671875 0.978125 0.184375 0.01484375
6 0.50078125 0.978125 0.0984375 0.015625
6 0.83359375 0.97890625 0.0828125 0.0140625
4 0.83359375 0.94921875 0.05 0.02578125
3 0.503125 0.94921875 0.0421875 0.02421875
3 0.1671875 0.94921875 0.0453125 0.02578125
7 0.5 0.19765625 0.903125 0.07734375
7 0.5 0.28359375 0.903125 0.07734375
7 0.5 0.37109375 0.903125 0.07734375
7 0.5 0.53125 0.903125 0.07734375