6 0.12890625 0.9796875 0.2171875 0.021875
6 0.25546875 0.903125 0.3359375 0.02265625
6 0.74453125 0.903125 0.40625 0.02265625
6 0.8375 0.5703125 0.2859375 0.03046875
6 0.621875 0.45390625 0.6390625 0.01640625
6 0.728125 0.07109375 0.1921875 0.021875
3 0.9328125 0.07109375 0.040625 0.021875
3 0.1765625 0.07109375 0.0453125 0.0265625
3 0.06171875 0.07109375 0.0515625 0.02890625
3 0.0890625 0.453125 0.0421875 0.0234375
3 0.1359375 0.946875 0.046875 0.0265625
3 0.35078125 0.96015625 0.0515625 0.02890625
3 0.53515625 0.95859375 0.046875 0.028125
3 0.721875 0.9609375 0.0515625 0.0265625
3 0.90703125 0.96015625 0.05 0.02578125
4 0.50078125 0.28125 0.9984375 0.34375
4 0.7453125 0.73515625 0.471875 0.26484375
4 0.25546875 0.73515625 0.471875 0.26484375