6 0.109375 0.0734375 0.1703125 0.02734375
6 0.171875 0.1390625 0.175 0.0203125
6 0.50390625 0.14140625 0.13125 0.02578125
6 0.8390625 0.1390625 0.0859375 0.0203125
6 0.50078125 0.578125 0.6015625 0.0421875
6 0.50078125 0.646875 0.8625 0.04765625
6 0.1265625 0.978125 0.10625 0.01484375
6 0.3734375 0.978125 0.184375 0.015625
6 0.62265625 0.978125 0.0671875 0.015625
6 0.8734375 0.98046875 0.1140625 0.01953125
7 0.49921875 0.740625 0.76875 0.07265625
3 0.87265625 0.95 0.0515625 0.0296875
3 0.62421875 0.95234375 0.0515625 0.0265625
3 0.3890625 0.94609375 0.071875 0.03671875
3 0.12421875 0.94921875 0.0515625 0.02890625
3 0.90625 0.07109375 0.04375 0.0296875
4 0.49921875 0.3859375 0.459375 0.2734375