3 0.0671875 0.071875 0.0234375 0.02265625
6 0.23046875 0.15546875 0.3859375 0.03359375
6 0.77578125 0.15390625 0.3765625 0.0203125
6 0.45625 0.2046875 0.840625 0.02265625
2 0.49921875 0.2765625 0.9265625 0.06171875
6 0.440625 0.278125 0.7359375 0.0296875
2 0.49921875 0.3515625 0.9265625 0.06171875
6 0.13046875 0.35234375 0.1140625 0.021875
2 0.49921875 0.428125 0.9265625 0.06171875
6 0.175 0.428125 0.20625 0.02265625
6 0.5 0.49453125 0.9109375 0.040625
6 0.48671875 0.55859375 0.684375 0.04921875
7 0.5 0.63671875 0.928125 0.07734375