6 0.6765625 0.071875 0.2953125 0.01953125
6 0.49921875 0.22421875 0.840625 0.02109375
6 0.8109375 0.35390625 0.325 0.01953125
6 0.8265625 0.403125 0.225 0.01953125
6 0.740625 0.47109375 0.3953125 0.02578125
6 0.68671875 0.53671875 0.5015625 0.02265625
6 0.74296875 0.603125 0.3921875 0.02421875
6 0.64140625 0.66796875 0.59375 0.02578125
6 0.60625 0.73359375 0.6625 0.02578125
6 0.7359375 0.7984375 0.403125 0.02421875
6 0.809375 0.86484375 0.2609375 0.02578125
6 0.778125 0.93125 0.325 0.02421875
6 0.79453125 0.99140625 0.2890625 0.015625
3 0.9328125 0.07109375 0.040625 0.02265625
3 0.059375 0.0703125 0.0453125 0.02421875
4 0.50078125 0.22421875 0.9484375 0.190625