3 0.89921875 0.96015625 0.046875 0.02421875
3 0.70234375 0.96015625 0.04375 0.02421875
3 0.5 0.9609375 0.05 0.02578125
3 0.30390625 0.9609375 0.05 0.028125
3 0.10234375 0.96015625 0.0515625 0.02890625
6 0.45625 0.075 0.26875 0.03125
4 0.653125 0.07578125 0.0765625 0.04296875
4 0.26015625 0.7234375 0.44375 0.2484375
6 0.28125 0.53125 0.4015625 0.04765625
6 0.790625 0.53046875 0.3453125 0.04765625
6 0.38515625 0.89296875 0.190625 0.04765625
6 0.78359375 0.89375 0.359375 0.046875
4 0.740625 0.7234375 0.44375 0.2484375
4 0.740625 0.3078125 0.44375 0.35625
4 0.2609375 0.3078125 0.4421875 0.35625