6 0.69609375 0.134375 0.13125 0.0234375
6 0.834375 0.29765625 0.1078125 0.01484375
6 0.50234375 0.2984375 0.1328125 0.015625
6 0.16875 0.3 0.1328125 0.01953125
6 0.7375 0.378125 0.171875 0.01953125
6 0.7296875 0.459375 0.1875 0.02421875
6 0.70234375 0.53671875 0.24375 0.0203125
6 0.70859375 0.628125 0.23125 0.01953125
6 0.6921875 0.72109375 0.2625 0.02265625
6 0.7375 0.80078125 0.171875 0.02421875
6 0.721875 0.878125 0.2046875 0.01875
3 0.10078125 0.96171875 0.046875 0.02890625
3 0.2890625 0.95625 0.075 0.03984375
3 0.5015625 0.9625 0.05625 0.0328125
3 0.7 0.96328125 0.0609375 0.0265625
3 0.89921875 0.96015625 0.0546875 0.02890625
3 0.9328125 0.87734375 0.0515625 0.02890625
3 0.9328125 0.79765625 0.0515625 0.02265625
3 0.9328125 0.71875 0.0375 0.02890625
4 0.93203125 0.628125 0.0390625 0.02578125
3 0.93125 0.5375 0.040625 0.028125
3 0.9328125 0.45703125 0.046875 0.0265625
3 0.93203125 0.378125 0.05 0.0265625
3 0.59609375 0.1328125 0.0203125 0.0171875
3 0.059375 0.07109375 0.0484375 0.02890625
3 0.93125 0.07109375 0.040625 0.02265625
7 0.6265625 0.1828125 0.271875 0.05
6 0.834375 0.265625 0.028125 0.0234375
6 0.5015625 0.265625 0.028125 0.02265625
6 0.16796875 0.265625 0.028125 0.02265625
3 0.8765625 0.1625 0.171875 0.096875