6 0.72578125 0.28203125 0.1765625 0.01875
6 0.765625 0.19453125 0.096875 0.01953125
6 0.790625 0.0734375 0.146875 0.02734375
6 0.8296875 0.46171875 0.259375 0.01953125
6 0.5046875 0.9546875 0.384375 0.02265625
3 0.953125 0.07109375 0.0421875 0.0234375
3 0.93203125 0.1953125 0.05 0.02265625
3 0.9328125 0.28125 0.040625 0.0296875
3 0.07890625 0.28203125 0.05625 0.0265625
3 0.92890625 0.84453125 0.1109375 0.0640625
3 0.71484375 0.84453125 0.115625 0.06484375
3 0.50078125 0.84453125 0.115625 0.06484375
4 0.28671875 0.84453125 0.115625 0.06484375
4 0.0734375 0.84453125 0.1171875 0.0640625
2 0.43359375 0.2 0.7671875 0.04453125
2 0.4328125 0.28984375 0.76875 0.04140625
7 0.50078125 0.3796875 0.9234375 0.06640625