6 0.5234375 0.06171875 0.3421875 0.02265625
3 0.896875 0.0609375 0.0390625 0.021875
2 0.5015625 0.065625 0.921875 0.06640625
6 0.4984375 0.15703125 0.45 0.02734375
4 0.81796875 0.26640625 0.2703125 0.159375
4 0.5 0.26640625 0.2703125 0.159375
4 0.18359375 0.26640625 0.2703125 0.159375
6 0.5015625 0.43125 0.321875 0.02109375
6 0.709375 0.546875 0.44375 0.05078125
6 0.1515625 0.5640625 0.159375 0.01484375
3 0.08984375 0.50859375 0.040625 0.021875
6 0.5 0.665625 0.5703125 0.028125
6 0.5 0.7234375 0.6921875 0.04765625
4 0.5015625 0.8359375 0.921875 0.1328125
3 0.89921875 0.93828125 0.059375 0.03359375
3 0.7 0.93828125 0.059375 0.03359375
3 0.50078125 0.9390625 0.0578125 0.03359375
3 0.3015625 0.93828125 0.0609375 0.03359375
3 0.10234375 0.93828125 0.059375 0.03359375
6 0.9 0.97421875 0.0609375 0.01015625
6 0.7 0.97421875 0.09375 0.01015625
6 0.50078125 0.97421875 0.109375 0.01015625
6 0.3 0.97421875 0.09375 0.01015625
6 0.1015625 0.97421875 0.0859375 0.01015625