6 0.234375 0.15 0.1359375 0.02265625
6 0.496875 0.18359375 0.659375 0.02421875
6 0.24140625 0.234375 0.15 0.02421875
6 0.31328125 0.26875 0.296875 0.0234375
6 0.246875 0.33203125 0.1359375 0.0234375
6 0.2921875 0.365625 0.2265625 0.01953125
6 0.70234375 0.3296875 0.09375 0.01953125
6 0.740625 0.36640625 0.1609375 0.01875
6 0.70234375 0.4375 0.09375 0.01953125
6 0.73984375 0.4734375 0.1625 0.01875
6 0.25390625 0.43828125 0.15 0.02421875
6 0.2921875 0.4734375 0.2265625 0.01875
6 0.309375 0.06953125 0.265625 0.0265625
3 0.94375 0.06953125 0.0125 0.02265625
3 0.06796875 0.07109375 0.0421875 0.0234375
3 0.08671875 0.16640625 0.059375 0.04453125
3 0.0875 0.2515625 0.0609375 0.04453125
3 0.0875 0.34765625 0.08125 0.04453125
3 0.0875 0.4546875 0.08125 0.04453125
3 0.565625 0.45546875 0.084375 0.04765625
3 0.565625 0.34765625 0.084375 0.04765625
7 0.5 0.9453125 0.9453125 0.07890625