4 0.16015625 0.7984375 0.24375 0.13671875
4 0.16015625 0.56953125 0.24375 0.13671875
4 0.1609375 0.34140625 0.2453125 0.13828125
3 0.0484375 0.0265625 0.0421875 0.02421875
6 0.50234375 0.18515625 0.6375 0.02421875
6 0.415625 0.09609375 0.128125 0.0296875
4 0.503125 0.07890625 0.50625 0.1578125
6 0.7171875 0.31328125 0.484375 0.0703125
6 0.67734375 0.4046875 0.56875 0.06796875
6 0.69375 0.5421875 0.5296875 0.0703125
6 0.684375 0.6359375 0.553125 0.07265625
6 0.71484375 0.771875 0.4875 0.07109375
6 0.646875 0.85234375 0.628125 0.046875
6 0.17734375 0.9875 0.0546875 0.01328125
6 0.8265625 0.98671875 0.0453125 0.0125
4 0.82578125 0.9609375 0.0765625 0.02578125
6 0.5015625 0.9859375 0.0640625 0.01171875
3 0.50078125 0.96171875 0.04375 0.02421875
3 0.178125 0.96015625 0.04375 0.02265625