4 0.16015625 0.790625 0.24375 0.13671875
4 0.16015625 0.5625 0.24375 0.13828125
4 0.16015625 0.33359375 0.24375 0.13828125
3 0.04921875 0.0265625 0.040625 0.0234375
6 0.5015625 0.18515625 0.6390625 0.02421875
6 0.415625 0.09609375 0.128125 0.0296875
4 0.503125 0.07890625 0.50625 0.1578125
6 0.70234375 0.3046875 0.515625 0.07109375
6 0.64609375 0.39921875 0.628125 0.071875
6 0.646875 0.534375 0.6265625 0.0703125
6 0.653125 0.628125 0.615625 0.07265625
6 0.6609375 0.76328125 0.596875 0.0703125
6 0.63125 0.85703125 0.6625 0.07109375
6 0.178125 0.98671875 0.053125 0.0140625
6 0.82578125 0.9859375 0.046875 0.01171875
4 0.82578125 0.96015625 0.0796875 0.0265625
6 0.5015625 0.98671875 0.0640625 0.01171875
3 0.50078125 0.9609375 0.04375 0.02578125
3 0.178125 0.96015625 0.046875 0.02421875