3 0.46171875 0.27265625 0.0234375 0.0171875
4 0.96875 0.31796875 0.059375 0.15625
3 0.0671875 0.06953125 0.0484375 0.01953125
3 0.19453125 0.071875 0.0359375 0.02109375
3 0.8046875 0.06953125 0.0484375 0.0296875
3 0.93046875 0.071875 0.046875 0.0265625
4 0.34765625 0.1421875 0.071875 0.040625
4 0.54296875 0.14296875 0.078125 0.0296875
3 0.73671875 0.1421875 0.059375 0.03828125
6 0.425 0.0734375 0.3421875 0.02265625
2 0.43203125 0.071875 0.5921875 0.05546875
6 0.12578125 0.14453125 0.134375 0.0203125
6 0.94609375 0.14296875 0.10625 0.01640625
6 0.5 0.209375 0.4859375 0.01953125
6 0.57890625 0.2734375 0.1953125 0.0125
6 0.5625 0.31328125 0.48125 0.01875
6 0.565625 0.35703125 0.1 0.0140625
4 0.13671875 0.31875 0.1515625 0.0703125
6 0.89453125 0.49140625 0.15 0.01484375
6 0.11328125 0.490625 0.171875 0.015625
4 0.159375 0.59609375 0.240625 0.128125
4 0.2546875 0.87734375 0.465625 0.2453125
4 0.7421875 0.87734375 0.465625 0.2453125
6 0.096875 0.72734375 0.134375 0.01953125