6 0.1453125 0.5078125 0.19375 0.02734375
6 0.20703125 0.60859375 0.3109375 0.021875
6 0.1578125 0.7078125 0.209375 0.021875
6 0.64765625 0.40703125 0.23125 0.0203125
6 0.16796875 0.4078125 0.234375 0.0203125
2 0.4984375 0.83515625 0.903125 0.034375
6 0.25859375 0.0734375 0.165625 0.02734375
6 0.503125 0.15078125 0.71875 0.02265625
6 0.4984375 0.33125 0.296875 0.01875
6 0.5 0.9140625 0.7640625 0.01640625
7 0.49921875 0.9609375 0.9984375 0.0765625
6 0.3859375 0.8328125 0.6703125 0.02890625
2 0.49921875 0.71328125 0.9046875 0.03359375
2 0.49921875 0.6140625 0.9046875 0.03359375
2 0.49921875 0.51015625 0.9046875 0.03359375
2 0.259375 0.41328125 0.4234375 0.0328125
2 0.7390625 0.41328125 0.421875 0.0328125
3 0.9015625 0.8296875 0.025 0.00859375
3 0.91796875 0.7078125 0.0609375 0.0234375
3 0.89140625 0.14765625 0.025 0.0078125
4 0.1015625 0.146875 0.0453125 0.02578125
3 0.06875 0.071875 0.0375 0.02109375
3 0.23125 0.21953125 0.046875 0.028125
7 0.49921875 0.22109375 0.921875 0.05
7 0.49921875 0.27578125 0.921875 0.05