3 0.9328125 0.071875 0.0234375 0.02265625
6 0.76953125 0.15546875 0.3859375 0.03359375
6 0.22421875 0.15390625 0.3765625 0.0203125
6 0.54375 0.2046875 0.840625 0.02265625
2 0.50078125 0.2765625 0.9265625 0.06171875
6 0.559375 0.278125 0.7359375 0.0296875
2 0.50078125 0.3515625 0.9265625 0.06171875
6 0.86953125 0.35234375 0.1140625 0.021875
2 0.50078125 0.428125 0.9265625 0.06171875
6 0.825 0.428125 0.20625 0.02265625
6 0.5 0.49453125 0.9109375 0.040625
6 0.51328125 0.55859375 0.684375 0.04921875
7 0.5 0.63671875 0.928125 0.07734375