3 0.05859375 0.065625 0.046875 0.0203125
7 0.8765625 0.1328125 0.2140625 0.04375
6 0.10234375 0.13515625 0.121875 0.01875
3 0.053125 0.2046875 0.075 0.04140625
7 0.909375 0.2078125 0.128125 0.0375
6 0.2921875 0.2046875 0.384375 0.02265625
6 0.134375 0.2796875 0.2 0.02734375
3 0.95390625 0.2765625 0.0203125 0.01953125
6 0.81171875 0.27890625 0.234375 0.021875
6 0.80625 0.3484375 0.284375 0.0203125
6 0.115625 0.35234375 0.1625 0.0265625
6 0.20625 0.4234375 0.340625 0.028125
4 0.053125 0.503125 0.075 0.0421875
6 0.190625 0.50546875 0.1765625 0.028125
6 0.159375 0.571875 0.2484375 0.02734375
6 0.82109375 0.63984375 0.253125 0.02109375
6 0.159375 0.64140625 0.246875 0.021875
6 0.24296875 0.715625 0.4140625 0.02734375
6 0.17578125 0.81171875 0.2796875 0.02734375
6 0.20078125 0.9078125 0.3296875 0.028125
2 0.38359375 0.134375 0.7390625 0.0546875