6 0.80859375 0.87109375 0.2859375 0.0203125
6 0.87421875 0.80859375 0.1546875 0.02421875
6 0.66953125 0.74375 0.5640625 0.02578125
6 0.76640625 0.67890625 0.3671875 0.02578125
6 0.81015625 0.61171875 0.2796875 0.021875
6 0.834375 0.54765625 0.2375 0.02578125
6 0.83359375 0.4828125 0.2390625 0.02578125
6 0.7921875 0.41640625 0.315625 0.02421875
6 0.80546875 0.34921875 0.2921875 0.0203125
6 0.815625 0.284375 0.2734375 0.0203125
6 0.8046875 0.22265625 0.296875 0.02421875
6 0.83828125 0.1546875 0.221875 0.0203125
6 0.646875 0.075 0.4265625 0.02421875
3 0.921875 0.07109375 0.0734375 0.04140625
1 0.578125 0.515625 0.84375 0.96640625