3 0.1015625 0.9609375 0.05 0.028125
3 0.303125 0.9609375 0.0515625 0.028125
3 0.50078125 0.96015625 0.0515625 0.02578125
3 0.70234375 0.96015625 0.04375 0.02578125
3 0.9 0.96015625 0.046875 0.02265625
6 0.71953125 0.90234375 0.484375 0.02109375
6 0.840625 0.82578125 0.2359375 0.0203125
6 0.75 0.74921875 0.4203125 0.0203125
6 0.83515625 0.67421875 0.2484375 0.02578125
6 0.80078125 0.5984375 0.31875 0.02578125
6 0.8109375 0.51953125 0.3 0.0203125
4 0.50078125 0.2953125 0.9984375 0.371875
6 0.6578125 0.07109375 0.3328125 0.02421875
3 0.9328125 0.07109375 0.040625 0.02265625