6 0.8703125 0.38671875 0.178125 0.01875
6 0.41171875 0.38671875 0.121875 0.01875
6 0.38046875 0.71328125 0.1859375 0.02578125
6 0.8640625 0.71328125 0.1953125 0.02578125
4 0.25546875 0.87578125 0.4671875 0.24609375
4 0.74375 0.8765625 0.465625 0.2453125
4 0.25546875 0.55859375 0.4671875 0.26171875
4 0.74375 0.55859375 0.465625 0.26171875
4 0.25546875 0.2328125 0.4671875 0.2625
4 0.74375 0.2328125 0.465625 0.2625
3 0.946875 0.06328125 0.0609375 0.034375
4 0.5015625 0.065625 0.25625 0.03515625
7 0.109375 0.06328125 0.196875 0.03125