6 0.77421875 0.07109375 0.096875 0.0265625
6 0.89375 0.16640625 0.134375 0.01875
6 0.809375 0.22890625 0.146875 0.01953125
6 0.79609375 0.30625 0.178125 0.0203125
6 0.89296875 0.38203125 0.1359375 0.01640625
6 0.73671875 0.44296875 0.29375 0.0203125
6 0.77734375 0.521875 0.209375 0.01953125
6 0.9140625 0.596875 0.0921875 0.02109375
6 0.66953125 0.6578125 0.43125 0.0203125
6 0.50703125 0.73359375 0.434375 0.0203125
6 0.434375 0.78984375 0.578125 0.05390625
4 0.853125 0.76796875 0.1796875 0.0453125
3 0.9328125 0.06875 0.040625 0.02265625
3 0.94140625 0.22734375 0.0453125 0.0265625
3 0.94140625 0.30546875 0.0453125 0.02421875
3 0.9421875 0.4421875 0.046875 0.02578125
3 0.94140625 0.5203125 0.0453125 0.0203125
3 0.9421875 0.65703125 0.040625 0.02578125
3 0.0703125 0.65703125 0.01875 0.0171875
3 0.0703125 0.5203125 0.01875 0.01640625
3 0.0703125 0.4421875 0.01875 0.0171875
3 0.0703125 0.30546875 0.01875 0.01640625
3 0.06875 0.22734375 0.01875 0.0171875