6 0.621875 0.9625 0.5671875 0.05546875
3 0.11171875 0.95546875 0.053125 0.028125
4 0.178125 0.95703125 0.278125 0.08359375
3 0.4609375 0.790625 0.2390625 0.02109375
6 0.83671875 0.85390625 0.1984375 0.021875
7 0.44765625 0.8453125 0.215625 0.04375
6 0.82578125 0.79140625 0.221875 0.01484375
6 0.5875 0.75625 0.4953125 0.021875
6 0.61875 0.70546875 0.559375 0.05546875
3 0.11171875 0.69921875 0.053125 0.028125
4 0.178125 0.76875 0.278125 0.21953125
6 0.84296875 0.59765625 0.184375 0.02109375
7 0.44765625 0.5890625 0.215625 0.04375
6 0.834375 0.51171875 0.2 0.0140625
3 0.4609375 0.5109375 0.2421875 0.021875
6 0.603125 0.45703125 0.5296875 0.05234375
3 0.1125 0.453125 0.0546875 0.0296875
4 0.1765625 0.5171875 0.278125 0.209375
6 0.84375 0.3515625 0.1828125 0.02109375
7 0.446875 0.34296875 0.2171875 0.04453125
6 0.834375 0.23203125 0.2 0.0140625
3 0.4609375 0.23046875 0.2421875 0.021875
6 0.56640625 0.1953125 0.453125 0.02109375
3 0.1109375 0.2078125 0.05625 0.0296875
4 0.178125 0.271875 0.278125 0.209375
6 0.290625 0.125 0.509375 0.03671875
3 0.9390625 0.0703125 0.05625 0.0265625
3 0.06015625 0.0703125 0.0515625 0.02421875