6 0.40234375 0.40234375 0.140625 0.0203125
6 0.84453125 0.40234375 0.2328125 0.01953125
6 0.8859375 0.72734375 0.1546875 0.01953125
6 0.409375 0.72734375 0.125 0.0203125
4 0.74375 0.88515625 0.465625 0.2296875
4 0.25546875 0.88515625 0.4671875 0.2296875
4 0.25546875 0.57578125 0.4671875 0.26171875
4 0.74375 0.57578125 0.465625 0.26171875
4 0.74375 0.24921875 0.465625 0.26171875
4 0.25625 0.24921875 0.465625 0.26171875
3 0.946875 0.06328125 0.0609375 0.034375
4 0.5015625 0.06484375 0.25625 0.03515625
7 0.1109375 0.06328125 0.196875 0.03125