7 0.50078125 0.45859375 0.3484375 0.0484375
7 0.6390625 0.4 0.2953125 0.0484375
7 0.34375 0.4 0.259375 0.0484375
7 0.26796875 0.34140625 0.2859375 0.0484375
7 0.53671875 0.34140625 0.215625 0.0484375
7 0.76875 0.34140625 0.2125 0.0484375
7 0.803125 0.2828125 0.2375 0.0484375
7 0.53046875 0.2828125 0.271875 0.0484375
7 0.228125 0.2828125 0.296875 0.0484375
7 0.2234375 0.22421875 0.2609375 0.0484375
7 0.4828125 0.22421875 0.221875 0.0484375
7 0.76015625 0.22421875 0.2984375 0.0484375
6 0.87890625 0.06875 0.0921875 0.01953125
7 0.50078125 0.94765625 0.203125 0.06171875
3 0.94921875 0.06875 0.0265625 0.02578125