6 0.73046875 0.421875 0.403125 0.0265625
7 0.50078125 0.73359375 0.921875 0.06484375
7 0.5015625 0.65234375 0.921875 0.06796875
6 0.52890625 0.96640625 0.8640625 0.06484375
6 0.509375 0.88359375 0.9015625 0.046875
6 0.50078125 0.5921875 0.06875 0.0203125
7 0.5015625 0.509375 0.921875 0.06875
2 0.5015625 0.4203125 0.921875 0.065625
6 0.50078125 0.34375 0.8484375 0.0421875
4 0.4125 0.171875 0.4453125 0.084375
4 0.73125 0.159375 0.159375 0.1015625
7 0.128125 0.06875 0.215625 0.05078125
0 0.50078125 0.515625 0.9984375 0.96640625