3 0.0671875 0.06875 0.0515625 0.02109375
4 0.32734375 0.0734375 0.2828125 0.046875
3 0.91875 0.07109375 0.040625 0.03046875
6 0.2 0.88671875 0.13125 0.02578125
6 0.4 0.88515625 0.121875 0.02109375
6 0.6 0.88515625 0.0859375 0.0203125
6 0.79921875 0.88671875 0.16875 0.02578125
6 0.540625 0.96328125 0.403125 0.02109375
4 0.2875 0.96328125 0.046875 0.0328125
4 0.196875 0.81796875 0.1484375 0.084375
4 0.396875 0.81875 0.15 0.08359375
4 0.596875 0.81875 0.1484375 0.08359375
3 0.796875 0.81875 0.1484375 0.08359375
0 0.49921875 0.55703125 0.9984375 0.88515625