6 0.3703125 0.0734375 0.2375 0.02578125
3 0.909375 0.90546875 0.0625 0.03046875
3 0.41875 0.715625 0.0625 0.0328125
6 0.14609375 0.2796875 0.128125 0.03046875
6 0.378125 0.2796875 0.171875 0.0125
6 0.61328125 0.2796875 0.134375 0.03046875
6 0.8453125 0.2796875 0.165625 0.03046875
6 0.8890625 0.35 0.0640625 0.01875
6 0.12734375 0.35078125 0.1828125 0.02421875
6 0.125 0.978125 0.10625 0.01484375
6 0.3734375 0.978125 0.184375 0.015625
6 0.6234375 0.978125 0.0671875 0.015625
6 0.87421875 0.98046875 0.1125 0.01875
3 0.87265625 0.94921875 0.0515625 0.02890625
3 0.62421875 0.9515625 0.0515625 0.0265625
3 0.38984375 0.9453125 0.071875 0.03671875
3 0.12421875 0.94921875 0.0515625 0.02890625
3 0.9546875 0.34921875 0.021875 0.01875
3 0.940625 0.071875 0.05 0.0265625
4 0.06640625 0.0703125 0.0890625 0.05
4 0.1453125 0.1953125 0.1375 0.07734375
4 0.378125 0.1953125 0.1375 0.07734375
4 0.6109375 0.1953125 0.1390625 0.07734375
4 0.8453125 0.1953125 0.1375 0.078125
3 0.1984375 0.07109375 0.05 0.028125
2 0.503125 0.07109375 0.71875 0.05546875
7 0.49921875 0.8390625 0.5234375 0.071875
4 0.25390625 0.5734375 0.459375 0.35625
4 0.25390625 0.846875 0.459375 0.15078125
4 0.74453125 0.659375 0.459375 0.5265625