7 0.88984375 0.06328125 0.1984375 0.03125
4 0.49921875 0.065625 0.2546875 0.034375
3 0.053125 0.0640625 0.059375 0.03359375
4 0.74375 0.884375 0.465625 0.23125
4 0.25625 0.884375 0.4625 0.23125
6 0.13125 0.72578125 0.190625 0.0203125
4 0.25703125 0.5734375 0.4640625 0.26171875
6 0.65625 0.728125 0.2625 0.02421875
4 0.74375 0.5734375 0.465625 0.26171875
6 0.5984375 0.4 0.1453125 0.0203125
4 0.74453125 0.2484375 0.4671875 0.26171875
6 0.103125 0.40234375 0.134375 0.02421875
4 0.25703125 0.2484375 0.4640625 0.2609375