6 0.82421875 0.7171875 0.1765625 0.0171875
6 0.86484375 0.61953125 0.096875 0.0171875
6 0.50078125 0.07109375 0.415625 0.01640625
6 0.50078125 0.13203125 0.4515625 0.02734375
6 0.5015625 0.1796875 0.403125 0.0171875
6 0.5015625 0.215625 0.475 0.0171875
6 0.228125 0.3125 0.2875 0.021875
6 0.84140625 0.31015625 0.1390625 0.0265625
6 0.5 0.5390625 0.4609375 0.021875
6 0.90078125 0.984375 0.134375 0.01328125
6 0.7015625 0.98359375 0.0921875 0.01015625
6 0.50078125 0.984375 0.09375 0.01328125
6 0.30078125 0.984375 0.109375 0.01328125
6 0.10078125 0.9828125 0.0828125 0.01171875
6 0.728125 0.8015625 0.378125 0.01953125
3 0.065625 0.13203125 0.0375 0.02109375
3 0.11796875 0.61640625 0.0453125 0.01875
3 0.11875 0.71328125 0.0328125 0.02578125
4 0.50078125 0.1890625 0.9984375 0.1609375
7 0.49921875 0.37421875 0.8328125 0.06640625
7 0.49921875 0.45390625 0.8328125 0.06640625
7 0.50078125 0.87109375 0.8328125 0.06640625
3 0.90078125 0.95078125 0.0625 0.0375
3 0.7015625 0.9515625 0.0640625 0.0375
3 0.50234375 0.9515625 0.0484375 0.03828125
4 0.3015625 0.95078125 0.04375 0.0375
3 0.1015625 0.9515625 0.0671875 0.0359375
2 0.49921875 0.7234375 0.8328125 0.04453125
2 0.5 0.62734375 0.834375 0.04140625