5 0.50078125 0.515625 0.871875 0.8109375
6 0.696875 0.16015625 0.3609375 0.03125
6 0.678125 0.2203125 0.1625 0.02265625
6 0.68828125 0.28671875 0.14375 0.02109375
6 0.66328125 0.3546875 0.1921875 0.02734375
6 0.71484375 0.4203125 0.0875 0.028125
6 0.62890625 0.4828125 0.2609375 0.0234375
6 0.678125 0.55234375 0.1625 0.0265625
6 0.7015625 0.61796875 0.1203125 0.02734375
6 0.6765625 0.68046875 0.16875 0.02265625
6 0.5875 0.74765625 0.3453125 0.028125
6 0.615625 0.81171875 0.2875 0.02265625
6 0.17265625 0.88203125 0.0515625 0.0171875
6 0.3515625 0.8828125 0.1421875 0.0171875