6 0.20390625 0.1390625 0.328125 0.02421875
3 0.06640625 0.0703125 0.0421875 0.02265625
6 0.3078125 0.07265625 0.321875 0.03046875
3 0.940625 0.07109375 0.046875 0.02890625
4 0.24921875 0.36171875 0.4625 0.35703125
4 0.7484375 0.35703125 0.4609375 0.34609375
6 0.13125 0.571875 0.221875 0.0171875
6 0.18203125 0.6 0.325 0.0171875
6 0.62265625 0.5609375 0.2078125 0.0171875
6 0.63515625 0.5890625 0.2328125 0.01953125
4 0.25 0.740625 0.4609375 0.1734375
6 0.21953125 0.859375 0.396875 0.021875
6 0.1015625 0.88671875 0.1640625 0.01953125
3 0.09921875 0.9609375 0.046875 0.0234375
3 0.29765625 0.959375 0.04375 0.02421875
3 0.5 0.96015625 0.05 0.02578125
4 0.74765625 0.7828125 0.4625 0.28046875
3 0.696875 0.9609375 0.05 0.028125
3 0.8984375 0.9609375 0.05 0.028125