3 0.06875 0.07109375 0.040625 0.02265625
6 0.22734375 0.075 0.18125 0.0296875
7 0.5 0.16953125 0.903125 0.06640625
7 0.5 0.25625 0.903125 0.06953125
6 0.49765625 0.33671875 0.5046875 0.021875
6 0.1109375 0.40078125 0.078125 0.01484375
6 0.1796875 0.52578125 0.209375 0.02265625
6 0.27265625 0.62109375 0.396875 0.021875
6 0.18046875 0.6921875 0.10625 0.02265625
6 0.40234375 0.69296875 0.1578125 0.02265625
7 0.5 0.7734375 0.903125 0.0890625
6 0.4421875 0.87421875 0.7875 0.08203125
6 0.50078125 0.9640625 0.5875 0.021875
2 0.5 0.421875 0.903125 0.0875
2 0.5 0.6140625 0.903125 0.0875
2 0.49921875 0.51875 0.9015625 0.0859375