6 0.678125 0.82265625 0.5640625 0.046875
4 0.1609375 0.76953125 0.2453125 0.13671875
4 0.16015625 0.565625 0.24375 0.13828125
4 0.159375 0.31875 0.2421875 0.1359375
3 0.04921875 0.0265625 0.040625 0.0234375
6 0.5015625 0.184375 0.6390625 0.02578125
6 0.415625 0.09609375 0.128125 0.0296875
4 0.503125 0.07890625 0.50625 0.1578125
6 0.7359375 0.31171875 0.45 0.11328125
6 0.5015625 0.4140625 0.9171875 0.04765625
6 0.6875 0.53671875 0.5453125 0.07109375
6 0.66484375 0.61875 0.59375 0.04765625
6 0.67421875 0.74140625 0.571875 0.07109375
6 0.559375 0.87265625 0.803125 0.04765625
6 0.178125 0.98671875 0.053125 0.0140625
6 0.82578125 0.98671875 0.046875 0.0125
4 0.8265625 0.9609375 0.078125 0.02578125
6 0.5 0.9859375 0.0640625 0.01171875
3 0.50078125 0.9609375 0.04375 0.02578125
3 0.178125 0.96015625 0.046875 0.0234375