6 0.49921875 0.07109375 0.2625 0.01875
6 0.8890625 0.14375 0.1453125 0.0171875
6 0.203125 0.146875 0.328125 0.0265625
6 0.46953125 0.215625 0.8640625 0.05703125
6 0.4359375 0.6515625 0.778125 0.05390625
6 0.9578125 0.6515625 0.0828125 0.05390625
6 0.95703125 0.7328125 0.084375 0.05078125
6 0.434375 0.7328125 0.775 0.05
6 0.88984375 0.82734375 0.14375 0.0171875
6 0.45390625 0.89609375 0.834375 0.05234375
6 0.2140625 0.83046875 0.35 0.02734375
6 0.8984375 0.9828125 0.084375 0.01171875
6 0.69921875 0.984375 0.109375 0.0140625
6 0.49921875 0.984375 0.09375 0.0140625
6 0.2984375 0.9828125 0.0921875 0.01171875
6 0.1 0.984375 0.1359375 0.0140625
3 0.0984375 0.95078125 0.0609375 0.0375
3 0.2984375 0.9515625 0.0640625 0.03828125
3 0.4984375 0.9515625 0.046875 0.03828125
4 0.6984375 0.95078125 0.04375 0.0375
3 0.896875 0.9515625 0.0671875 0.03515625
4 0.459375 0.43828125 0.8203125 0.31953125
4 0.95859375 0.43828125 0.08125 0.31953125