4 0.92421875 0.07890625 0.134375 0.07578125
6 0.58671875 0.07890625 0.4984375 0.01953125
4 0.92265625 0.17734375 0.134375 0.07578125
6 0.69140625 0.1796875 0.2890625 0.02265625
4 0.92265625 0.275 0.134375 0.0765625
6 0.496875 0.278125 0.6796875 0.02265625
4 0.92421875 0.37265625 0.134375 0.07578125
6 0.7828125 0.375 0.10625 0.01875
4 0.92421875 0.47109375 0.134375 0.07578125
6 0.5609375 0.47421875 0.55 0.02265625
4 0.9234375 0.56953125 0.134375 0.0765625
6 0.78125 0.57109375 0.1125 0.01953125
3 0.078125 0.56875 0.0453125 0.01484375
4 0.92421875 0.66796875 0.134375 0.0765625
6 0.6890625 0.67109375 0.296875 0.02265625
4 0.9234375 0.76640625 0.134375 0.0765625
6 0.796875 0.76953125 0.084375 0.02265625
4 0.92421875 0.86484375 0.134375 0.07578125
6 0.634375 0.865625 0.4078125 0.01875
7 0.3234375 0.95234375 0.5703125 0.05859375
6 0.803125 0.95546875 0.2578125 0.0171875