6 0.725 0.9296875 0.1609375 0.0203125
6 0.725 0.7875 0.1609375 0.0203125
6 0.725 0.6453125 0.1609375 0.0203125
6 0.72421875 0.503125 0.159375 0.01953125
6 0.725 0.3609375 0.1609375 0.0203125
6 0.725 0.21875 0.1609375 0.0203125
6 0.65546875 0.07265625 0.3390625 0.0265625
6 0.59921875 0.88984375 0.409375 0.01875
6 0.65078125 0.74765625 0.3078125 0.01953125
6 0.60625 0.60546875 0.3984375 0.01953125
6 0.6 0.465625 0.409375 0.0234375
6 0.609375 0.321875 0.3953125 0.01875
6 0.603125 0.1796875 0.4046875 0.01953125
7 0.2 0.9125 0.321875 0.06171875
7 0.2 0.7703125 0.321875 0.06171875
7 0.2 0.628125 0.321875 0.06171875
7 0.2 0.4859375 0.321875 0.06171875
7 0.2 0.34375 0.321875 0.0609375
7 0.2 0.2015625 0.321875 0.06171875
4 0.90234375 0.9125 0.0984375 0.04375
4 0.903125 0.77109375 0.0859375 0.0484375
4 0.90234375 0.62890625 0.134375 0.07578125
4 0.903125 0.4859375 0.0859375 0.078125
4 0.903125 0.34375 0.1359375 0.07578125
4 0.903125 0.20234375 0.1359375 0.07734375
3 0.059375 0.071875 0.0421875 0.0265625
3 0.9328125 0.07109375 0.040625 0.01640625