6 0.84609375 0.1015625 0.20625 0.015625
2 0.50078125 0.10859375 0.9046875 0.02890625
2 0.50078125 0.2125 0.9046875 0.03359375
6 0.85703125 0.20546875 0.1859375 0.01953125
2 0.50078125 0.315625 0.9046875 0.03046875
6 0.82109375 0.31171875 0.25625 0.02265625
6 0.47890625 0.40546875 0.73125 0.05859375
7 0.5 0.5125 0.7859375 0.05078125
6 0.49296875 0.56171875 0.2578125 0.021875
3 0.5796875 0.62109375 0.0984375 0.05546875
3 0.434375 0.62109375 0.0984375 0.05546875
6 0.5109375 0.6921875 0.353125 0.02265625
6 0.50078125 0.72890625 0.2234375 0.02578125