6 0.89921875 0.98046875 0.115625 0.0125
6 0.70078125 0.98046875 0.0875 0.0125
6 0.50078125 0.98046875 0.071875 0.0125
6 0.30234375 0.98046875 0.0828125 0.0125
6 0.10390625 0.98046875 0.103125 0.0125
3 0.1046875 0.95234375 0.059375 0.03359375
3 0.30390625 0.95234375 0.0546875 0.03046875
4 0.50234375 0.95234375 0.0546875 0.03359375
3 0.70078125 0.95234375 0.059375 0.03046875
3 0.8984375 0.95234375 0.053125 0.0328125
4 0.50078125 0.60625 0.884375 0.15078125
7 0.50078125 0.465625 0.440625 0.0703125
6 0.50078125 0.378125 0.46875 0.05234375
6 0.5 0.296875 0.384375 0.03515625