6 0.48125 0.9078125 0.3015625 0.015625
6 0.53515625 0.86953125 0.409375 0.0203125
6 0.5609375 0.6828125 0.4609375 0.0203125
6 0.41484375 0.7203125 0.171875 0.01640625
6 0.58203125 0.5359375 0.5 0.0203125
6 0.57890625 0.49609375 0.5 0.0203125
6 0.34453125 0.07265625 0.3390625 0.0265625
6 0.58046875 0.34921875 0.5 0.0203125
6 0.6359375 0.309375 0.6140625 0.02109375
6 0.5609375 0.96484375 0.459375 0.0234375
4 0.16015625 0.97109375 0.246875 0.05546875
3 0.940625 0.8953125 0.053125 0.02578125
6 0.62421875 0.803125 0.5828125 0.0734375
4 0.159375 0.8265625 0.2453125 0.13671875
3 0.940625 0.70859375 0.0515625 0.02578125
6 0.58515625 0.61328125 0.5078125 0.06875
4 0.1609375 0.6390625 0.2453125 0.13671875
3 0.940625 0.521875 0.0515625 0.02578125
6 0.61640625 0.42734375 0.575 0.06875
4 0.1609375 0.453125 0.2453125 0.13828125
3 0.940625 0.33515625 0.0515625 0.02421875
6 0.63125 0.24375 0.5984375 0.0734375
4 0.16015625 0.26640625 0.24375 0.13671875
3 0.06796875 0.071875 0.0390625 0.015625
3 0.93984375 0.07109375 0.040625 0.02421875
7 0.95390625 0.1421875 0.0890625 0.0453125
7 0.715625 0.14296875 0.315625 0.04453125
7 0.39296875 0.1421875 0.25625 0.0453125
7 0.13359375 0.14296875 0.1921875 0.04453125