6 0.7515625 0.10390625 0.1203125 0.01875
6 0.25 0.10390625 0.2953125 0.01875
6 0.83046875 0.23828125 0.275 0.01953125
3 0.0421875 0.23984375 0.01875 0.015625
6 0.1359375 0.23828125 0.1109375 0.01484375
6 0.171875 0.45 0.28125 0.01484375
6 0.8140625 0.45 0.3109375 0.015625
6 0.50078125 0.825 0.1046875 0.0171875
6 0.50390625 0.8671875 0.7953125 0.02265625
3 0.540625 0.9578125 0.046875 0.0234375
6 0.46875 0.9578125 0.0578125 0.015625
6 0.50078125 0.90390625 0.34375 0.02265625
6 0.4671875 0.16796875 0.0203125 0.01484375
3 0.52265625 0.16796875 0.046875 0.02421875
4 0.159375 0.34375 0.3171875 0.1609375
4 0.659375 0.34296875 0.6296875 0.16171875
4 0.50078125 0.66015625 0.790625 0.18359375