4 0.74375 0.571875 0.465625 0.2625
4 0.25703125 0.571875 0.4640625 0.26171875
4 0.25703125 0.8828125 0.4640625 0.23203125
6 0.60546875 0.81171875 0.15625 0.0171875
6 0.6234375 0.72734375 0.196875 0.02265625
6 0.10625 0.72421875 0.1328125 0.01953125
6 0.64296875 0.39765625 0.2359375 0.0203125
6 0.0921875 0.4 0.109375 0.02421875
4 0.74375 0.24609375 0.465625 0.2609375
4 0.25703125 0.2453125 0.4640625 0.26171875
3 0.05390625 0.06328125 0.0609375 0.034375
4 0.4984375 0.06640625 0.25625 0.034375
7 0.8890625 0.0625 0.196875 0.03125