3 0.89140625 0.09296875 0.0609375 0.034375
6 0.49921875 0.16953125 0.834375 0.04921875
6 0.4984375 0.23828125 0.9109375 0.06796875
6 0.16640625 0.46484375 0.125 0.0203125
6 0.5015625 0.46796875 0.2140625 0.0484375
6 0.83359375 0.4671875 0.196875 0.02421875
6 0.83359375 0.67109375 0.1203125 0.01953125
6 0.5 0.67109375 0.15 0.01953125
6 0.16640625 0.671875 0.1421875 0.01875
6 0.165625 0.87734375 0.1125 0.01953125
6 0.5 0.87734375 0.1203125 0.01875
6 0.83203125 0.8796875 0.221875 0.02421875
7 0.49921875 0.9609375 0.9984375 0.0765625
4 0.16640625 0.7875 0.2203125 0.12421875
4 0.49921875 0.7875 0.221875 0.12421875
4 0.83203125 0.7875 0.2203125 0.12421875
4 0.16640625 0.58203125 0.2203125 0.125
4 0.49921875 0.58203125 0.221875 0.125
4 0.83203125 0.58203125 0.2203125 0.125
4 0.165625 0.375 0.221875 0.12421875
4 0.49921875 0.37578125 0.221875 0.12421875
4 0.83203125 0.37578125 0.2203125 0.12421875