6 0.24375 0.08671875 0.1265625 0.015625
6 0.209375 0.32421875 0.2984375 0.01015625
6 0.69453125 0.32421875 0.359375 0.01015625
6 0.26171875 0.36875 0.4046875 0.0484375
6 0.68828125 0.36796875 0.3484375 0.04921875
6 0.60625 0.4109375 0.1828125 0.02265625
6 0.14453125 0.4109375 0.1671875 0.02265625
6 0.30703125 0.44140625 0.23125 0.01875
6 0.67109375 0.440625 0.046875 0.0140625
6 0.2296875 0.675 0.340625 0.0125
6 0.6546875 0.675 0.2796875 0.0125
6 0.2375 0.71953125 0.359375 0.04765625
6 0.7234375 0.71875 0.4171875 0.0453125
6 0.14921875 0.76171875 0.178125 0.0234375
6 0.596875 0.7625 0.1625 0.02265625
6 0.7609375 0.79375 0.228125 0.0171875
6 0.3046875 0.79375 0.2296875 0.0171875
6 0.1015625 0.98046875 0.1171875 0.0125
6 0.29921875 0.98046875 0.0875 0.0125
6 0.49765625 0.98046875 0.071875 0.0125
6 0.69765625 0.98046875 0.0828125 0.0125
6 0.8953125 0.98046875 0.1046875 0.0125
3 0.121875 0.08671875 0.028125 0.01484375
3 0.42890625 0.1703125 0.0390625 0.01953125
3 0.884375 0.16953125 0.0375 0.01953125
3 0.42890625 0.5203125 0.0390625 0.0203125
3 0.884375 0.5203125 0.0375 0.01953125
3 0.10234375 0.95234375 0.0515625 0.0328125
3 0.29921875 0.95234375 0.059375 0.0296875
4 0.496875 0.95234375 0.053125 0.0328125
3 0.69609375 0.95234375 0.0546875 0.03046875
3 0.8953125 0.95234375 0.059375 0.03359375
7 0.5 0.87734375 0.884375 0.071875
3 0.121875 0.79140625 0.1234375 0.0140625
3 0.57578125 0.79140625 0.1234375 0.01328125
3 0.57578125 0.43984375 0.1234375 0.0140625
3 0.1203125 0.43984375 0.1234375 0.0140625
4 0.271875 0.21875 0.425 0.16015625
4 0.7265625 0.21875 0.425 0.16015625
4 0.271875 0.56953125 0.4265625 0.1609375
4 0.7265625 0.5703125 0.425 0.16015625
2 0.5 0.0875 0.875 0.06875