6 0.50078125 0.075 0.246875 0.0328125
6 0.828125 0.39765625 0.109375 0.01875
6 0.815625 0.42265625 0.1296875 0.0171875
6 0.90078125 0.628125 0.1234375 0.01484375
6 0.86796875 0.66640625 0.184375 0.0171875
6 0.83046875 0.69921875 0.2609375 0.01484375
6 0.9046875 0.73515625 0.10625 0.01484375
6 0.9296875 0.7734375 0.059375 0.01875
6 0.87109375 0.809375 0.18125 0.01953125
6 0.74609375 0.8703125 0.43125 0.015625
3 0.2703125 0.7203125 0.04375 0.02578125
3 0.178125 0.7203125 0.04375 0.02421875
3 0.084375 0.7203125 0.0453125 0.02109375
3 0.9390625 0.41953125 0.034375 0.01875
3 0.9390625 0.33046875 0.0359375 0.02265625
3 0.9390625 0.24296875 0.0453125 0.02421875
4 0.75390625 0.14375 0.05625 0.028125
4 0.25078125 0.14296875 0.0625 0.02421875
3 0.08046875 0.07109375 0.053125 0.0203125
6 0.5875 0.24453125 0.5921875 0.02265625
6 0.646875 0.3328125 0.4734375 0.021875
7 0.50078125 0.52734375 0.9234375 0.078125