6 0.890625 0.0734375 0.1703125 0.02734375
6 0.82890625 0.1390625 0.175 0.01953125
6 0.4953125 0.14140625 0.1296875 0.02578125
6 0.1609375 0.1390625 0.0859375 0.0203125
6 0.50078125 0.578125 0.696875 0.0421875
6 0.5 0.646875 0.8703125 0.04765625
6 0.87421875 0.978125 0.1046875 0.01484375
6 0.62578125 0.978125 0.1828125 0.015625
6 0.3765625 0.978125 0.0671875 0.01484375
6 0.12578125 0.98046875 0.1125 0.01953125
3 0.1265625 0.95 0.05 0.02890625
3 0.37578125 0.9515625 0.0515625 0.0265625
3 0.61015625 0.94609375 0.071875 0.0359375
3 0.87578125 0.94921875 0.0515625 0.02890625
7 0.50078125 0.73984375 0.76875 0.071875
3 0.09375 0.07109375 0.04375 0.0296875
4 0.50078125 0.3859375 0.4875 0.25234375