6 0.5796875 0.07421875 0.1234375 0.021875
3 0.10078125 0.96015625 0.046875 0.0234375
3 0.29765625 0.96015625 0.04375 0.02421875
3 0.49921875 0.9609375 0.0515625 0.02578125
3 0.696875 0.96015625 0.05 0.02890625
3 0.89921875 0.9609375 0.0515625 0.028125
6 0.62734375 0.90234375 0.215625 0.01953125
6 0.1484375 0.85703125 0.2203125 0.01953125
6 0.146875 0.82890625 0.2203125 0.0171875
6 0.6609375 0.87578125 0.284375 0.021875
4 0.73984375 0.68046875 0.44375 0.32578125
4 0.259375 0.61953125 0.4421875 0.3546875
6 0.1828125 0.38828125 0.2875 0.01875
6 0.24140625 0.36171875 0.403125 0.021875
6 0.653125 0.46328125 0.26875 0.01953125
6 0.6359375 0.43515625 0.2359375 0.01640625
4 0.7390625 0.2796875 0.4421875 0.2484375
6 0.603125 0.10078125 0.171875 0.01953125
4 0.259375 0.18046875 0.44375 0.296875