6 0.3109375 0.0765625 0.309375 0.01953125
3 0.096875 0.0765625 0.0390625 0.021875
6 0.16015625 0.25859375 0.259375 0.0328125
6 0.5 0.25859375 0.121875 0.0125
6 0.8375 0.25859375 0.215625 0.0328125
6 0.16015625 0.43203125 0.14375 0.01328125
6 0.49921875 0.434375 0.1734375 0.03515625
6 0.8375 0.434375 0.20625 0.01640625
6 0.83671875 0.6078125 0.190625 0.03515625
6 0.49921875 0.60703125 0.2078125 0.01328125
6 0.16171875 0.6078125 0.2546875 0.01640625
6 0.16015625 0.78046875 0.1125 0.01328125
6 0.49921875 0.7828125 0.1515625 0.01640625
6 0.8375 0.7828125 0.2078125 0.015625
3 0.09921875 0.9609375 0.0546875 0.028125
3 0.29921875 0.96328125 0.059375 0.0265625
3 0.49921875 0.9625 0.0546875 0.03125
3 0.71015625 0.95625 0.0734375 0.03828125
3 0.89921875 0.9609375 0.046875 0.028125
4 0.1609375 0.1921875 0.1203125 0.06640625
4 0.49921875 0.19140625 0.11875 0.0546875
4 0.83515625 0.19140625 0.1171875 0.06640625
4 0.834375 0.36484375 0.0671875 0.065625
4 0.49921875 0.36484375 0.11875 0.04453125
4 0.16015625 0.36484375 0.115625 0.065625
4 0.159375 0.53984375 0.1171875 0.06171875
4 0.49921875 0.53984375 0.11875 0.06328125
4 0.83671875 0.53984375 0.11875 0.05234375
4 0.83671875 0.71328125 0.0875 0.065625
4 0.5 0.71328125 0.078125 0.065625
4 0.16015625 0.71328125 0.084375 0.065625
4 0.16015625 0.88828125 0.11875 0.06640625
4 0.49921875 0.88671875 0.09375 0.06640625
4 0.83671875 0.88671875 0.11875 0.0578125
2 0.4984375 0.07578125 0.921875 0.065625