6 0.1359375 0.43828125 0.1453125 0.0140625
6 0.103125 0.36953125 0.078125 0.0140625
4 0.496875 0.10078125 0.10625 0.028125
6 0.49921875 0.14609375 0.115625 0.0484375
6 0.49921875 0.1984375 0.26875 0.01953125
6 0.49765625 0.30703125 0.11875 0.01953125
6 0.8390625 0.490625 0.2421875 0.015625
6 0.496875 0.60625 0.0359375 0.0125
6 0.496875 0.959375 0.690625 0.03359375
7 0.49921875 0.72421875 0.921875 0.05625
7 0.734375 0.659375 0.4515625 0.05546875
7 0.26484375 0.659375 0.4515625 0.0546875
7 0.49921875 0.55078125 0.921875 0.0546875
2 0.4984375 0.36875 0.921875 0.05546875
2 0.4984375 0.43828125 0.921875 0.05546875