6 0.31796875 0.0734375 0.4 0.0234375
4 0.078125 0.1578125 0.11875 0.06640625
4 0.07734375 0.2453125 0.11875 0.06640625
4 0.078125 0.3328125 0.1171875 0.065625
4 0.07734375 0.42109375 0.11875 0.065625
4 0.07734375 0.50859375 0.11875 0.065625
4 0.078125 0.59609375 0.11875 0.065625
4 0.07734375 0.68359375 0.11875 0.065625
4 0.078125 0.7703125 0.1171875 0.06484375
4 0.07734375 0.85703125 0.11875 0.06640625
4 0.078125 0.9453125 0.1171875 0.06640625
6 0.296875 0.95 0.2453125 0.0234375
6 0.3 0.86171875 0.246875 0.02578125
6 0.30078125 0.77421875 0.246875 0.02578125
6 0.34296875 0.6875 0.334375 0.02265625
6 0.403125 0.59921875 0.453125 0.02578125
6 0.346875 0.5125 0.3453125 0.0234375
6 0.35390625 0.42421875 0.353125 0.02421875
6 0.284375 0.33671875 0.2140625 0.02421875
6 0.46171875 0.25 0.571875 0.02578125
6 0.4 0.1625 0.45 0.02578125
3 0.06640625 0.07109375 0.046875 0.0265625
3 0.93046875 0.071875 0.0359375 0.0265625
2 0.49921875 0.07109375 0.959375 0.0546875