6 0.87421875 0.4359375 0.1375 0.0203125
6 0.396875 0.78984375 0.1296875 0.02109375
6 0.38984375 0.43515625 0.1453125 0.02109375
6 0.88203125 0.790625 0.121875 0.01953125
3 0.56875 0.86328125 0.0546875 0.028125
3 0.08515625 0.8640625 0.0546875 0.02890625
4 0.26015625 0.87890625 0.44375 0.0890625
4 0.7421875 0.87890625 0.446875 0.0890625
3 0.08125 0.43359375 0.0125 0.02109375
3 0.56328125 0.7875 0.009375 0.01953125
6 0.89921875 0.978125 0.0875 0.0140625
6 0.7 0.978125 0.1359375 0.01484375
6 0.50234375 0.978125 0.1046875 0.01484375
6 0.30234375 0.978125 0.0546875 0.01484375
6 0.10234375 0.978125 0.0625 0.01328125
3 0.103125 0.94921875 0.0546875 0.02890625
3 0.30078125 0.94921875 0.0515625 0.03046875
3 0.5015625 0.95 0.05 0.028125
3 0.70078125 0.94921875 0.0515625 0.02578125
3 0.9 0.95 0.05 0.028125
6 0.3578125 0.75859375 0.2046875 0.01875
6 0.27109375 0.70859375 0.38125 0.04765625
6 0.74921875 0.71015625 0.3875 0.04921875
3 0.08671875 0.509375 0.0546875 0.028125
4 0.259375 0.57421875 0.446875 0.18828125
3 0.5671875 0.509375 0.0515625 0.0265625
4 0.74140625 0.57421875 0.4453125 0.18828125
3 0.08125 0.7875 0.009375 0.01953125
6 0.3578125 0.403125 0.2046875 0.01875
6 0.26015625 0.35625 0.4015625 0.05
3 0.56328125 0.43359375 0.009375 0.01953125
6 0.815625 0.403125 0.2609375 0.01875
6 0.75234375 0.35390625 0.3828125 0.046875
3 0.08515625 0.1546875 0.0546875 0.028125
4 0.259375 0.21953125 0.4453125 0.18828125
3 0.5671875 0.15546875 0.0546875 0.02734375
4 0.74140625 0.21953125 0.4453125 0.18828125
3 0.9328125 0.07109375 0.040625 0.021875
6 0.65078125 0.07265625 0.34375 0.02421875
3 0.059375 0.07109375 0.046875 0.028125