6 0.396875 0.0703125 0.3421875 0.0203125
6 0.5015625 0.14765625 0.7109375 0.034375
6 0.89765625 0.9890625 0.1078125 0.0171875
6 0.7 0.9875 0.15625 0.0140625
6 0.5 0.9875 0.0609375 0.0140625
6 0.29921875 0.9875 0.0734375 0.01328125
6 0.10078125 0.9875 0.121875 0.0140625
3 0.1 0.959375 0.0609375 0.03359375
3 0.29921875 0.95859375 0.040625 0.02890625
3 0.4984375 0.95859375 0.0609375 0.034375
3 0.6984375 0.95859375 0.0609375 0.034375
3 0.89921875 0.95859375 0.0484375 0.02890625
6 0.5 0.76796875 0.4671875 0.0453125
4 0.49921875 0.62109375 0.8984375 0.22734375
6 0.50078125 0.45234375 0.5734375 0.02265625
6 0.50078125 0.17421875 0.7546875 0.01875
3 0.10546875 0.071875 0.0640625 0.02265625
2 0.503125 0.071875 0.6390625 0.06171875
3 0.89921875 0.075 0.059375 0.03515625
3 0.7421875 0.0703125 0.146875 0.05078125
4 0.5 0.31640625 0.903125 0.23125