4 0.27109375 0.9140625 0.4203125 0.0140625
4 0.7265625 0.9140625 0.4171875 0.0140625
6 0.2359375 0.07109375 0.1203125 0.02265625
6 0.796875 0.1421875 0.2359375 0.0171875
6 0.5 0.1421875 0.1203125 0.0171875
6 0.203125 0.1421875 0.1125 0.0171875
6 0.296875 0.21015625 0.465625 0.02578125
6 0.27265625 0.4078125 0.1703125 0.034375
6 0.72734375 0.40703125 0.2015625 0.03046875
6 0.271875 0.63125 0.228125 0.03046875
6 0.72734375 0.63046875 0.246875 0.03125
6 0.271875 0.85625 0.284375 0.034375
6 0.72734375 0.85625 0.3734375 0.034375
6 0.69140625 0.97734375 0.0921875 0.0171875
3 0.896875 0.95703125 0.0453125 0.02578125
3 0.690625 0.95 0.0515625 0.028125
3 0.48515625 0.95703125 0.059375 0.0296875
3 0.2875 0.9609375 0.05 0.0265625
3 0.09609375 0.96015625 0.05 0.02578125
4 0.271875 0.75546875 0.4171875 0.1453125
4 0.72734375 0.75546875 0.41875 0.1453125
4 0.271875 0.53125 0.41875 0.146875
4 0.728125 0.53125 0.4203125 0.146875
4 0.72734375 0.3078125 0.41875 0.146875
4 0.27109375 0.3078125 0.4171875 0.146875
3 0.8234375 0.07109375 0.0453125 0.0265625
3 0.9375 0.07109375 0.05 0.02890625
3 0.06796875 0.07109375 0.05 0.028125