6 0.89453125 0.928125 0.134375 0.0171875
6 0.75859375 0.8984375 0.40625 0.01484375
6 0.890625 0.87109375 0.14375 0.0171875
6 0.4234375 0.96328125 0.08125 0.01953125
6 0.39375 0.928125 0.140625 0.01875
6 0.25390625 0.9 0.4171875 0.01953125
6 0.390625 0.87109375 0.146875 0.01953125
3 0.6390625 0.56015625 0.0453125 0.02265625
3 0.146875 0.559375 0.0453125 0.02421875
6 0.09140625 0.559375 0.0421875 0.015625
6 0.58671875 0.56015625 0.0328125 0.0140625
6 0.30625 0.4734375 0.315625 0.01484375
6 0.39453125 0.440625 0.1390625 0.01875
6 0.259375 0.4125 0.409375 0.01875
6 0.41953125 0.38046875 0.090625 0.015625
6 0.76796875 0.47265625 0.3921875 0.015625
6 0.8921875 0.440625 0.14375 0.01875
6 0.7546875 0.4125 0.415625 0.01875
6 0.88984375 0.3828125 0.146875 0.01875
6 0.846875 0.34921875 0.234375 0.01875
4 0.75078125 0.709375 0.259375 0.04765625
4 0.2515625 0.70859375 0.2390625 0.1609375
4 0.25390625 0.22734375 0.2953125 0.13203125
4 0.75234375 0.22109375 0.21875 0.16015625
3 0.05625 0.07265625 0.04375 0.02578125
3 0.178125 0.0703125 0.0546875 0.03046875
3 0.2953125 0.07109375 0.059375 0.03359375
3 0.4125 0.0703125 0.04375 0.02421875
6 0.690625 0.0703125 0.346875 0.021875
3 0.93203125 0.071875 0.0390625 0.02265625