3 0.94765625 0.2296875 0.0265625 0.01171875
3 0.94765625 0.27734375 0.0265625 0.01015625
3 0.946875 0.325 0.025 0.01015625
6 0.5 0.14609375 0.496875 0.02265625
6 0.67109375 0.23046875 0.45 0.02109375
6 0.6125 0.27890625 0.5640625 0.0203125
6 0.66015625 0.3265625 0.4734375 0.02109375
3 0.93203125 0.07109375 0.034375 0.01953125
7 0.5 0.4125 0.921875 0.059375
7 0.50078125 0.6953125 0.9234375 0.0578125
6 0.4984375 0.5578125 0.6921875 0.0296875
6 0.49921875 0.63046875 0.384375 0.021875
6 0.49921875 0.95703125 0.1125 0.01953125
6 0.5 0.48671875 0.053125 0.01953125