6 0.0796875 0.81640625 0.1078125 0.01484375
4 0.14609375 0.89375 0.2890625 0.07734375
4 0.6484375 0.89375 0.65625 0.078125
6 0.79765625 0.81484375 0.3578125 0.0296875
6 0.76328125 0.6921875 0.421875 0.0171875
6 0.13671875 0.709375 0.271875 0.05078125
6 0.034375 0.62109375 0.065625 0.01328125
6 0.17578125 0.6203125 0.096875 0.015625
6 0.72578125 0.621875 0.1296875 0.0171875
6 0.88984375 0.6203125 0.0765625 0.01640625
3 0.178125 0.58515625 0.0359375 0.01953125
3 0.890625 0.58515625 0.0375 0.01953125
3 0.728125 0.58515625 0.0375 0.0171875
4 0.63515625 0.54140625 0.6828125 0.2421875
0 0.13671875 0.54140625 0.271875 0.2421875
6 0.0796875 0.38125 0.109375 0.015625
6 0.7796875 0.3796875 0.39375 0.03046875
3 0.046875 0.2875 0.021875 0.01875
3 0.046875 0.21875 0.021875 0.01953125
3 0.046875 0.1484375 0.021875 0.01953125
6 0.765625 0.290625 0.184375 0.02109375
6 0.73671875 0.2203125 0.240625 0.01640625
6 0.796875 0.15234375 0.1265625 0.02109375
4 0.93359375 0.28671875 0.0671875 0.028125
4 0.93359375 0.21640625 0.071875 0.03359375
3 0.93359375 0.146875 0.0640625 0.02109375
6 0.9 0.99140625 0.0859375 0.01484375
6 0.7 0.990625 0.09375 0.0125
6 0.5 0.99140625 0.109375 0.01484375
6 0.30078125 0.99140625 0.109375 0.01484375
6 0.1 0.99140625 0.075 0.0125
3 0.1 0.959375 0.053125 0.03046875
3 0.30078125 0.96015625 0.0734375 0.03125
3 0.49921875 0.959375 0.059375 0.0328125
3 0.70078125 0.959375 0.065625 0.03359375
3 0.9 0.959375 0.0640625 0.0359375
3 0.0609375 0.06796875 0.053125 0.0296875
3 0.18515625 0.06875 0.071875 0.0296875
6 0.84140625 0.0703125 0.134375 0.021875
3 0.9390625 0.0703125 0.05625 0.0265625