6 0.846875 0.75078125 0.2125 0.01640625
6 0.78203125 0.68046875 0.3359375 0.0203125
6 0.87421875 0.61484375 0.153125 0.02421875
6 0.90703125 0.54609375 0.0859375 0.02578125
6 0.86875 0.47578125 0.1625 0.01953125
6 0.79296875 0.3375 0.1421875 0.01875
6 0.82890625 0.40703125 0.0703125 0.01953125
3 0.921875 0.40546875 0.0515625 0.0203125
4 0.92109375 0.33671875 0.0609375 0.015625
6 0.76328125 0.25078125 0.3796875 0.04765625
7 0.61953125 0.16640625 0.325 0.0625
3 0.08125 0.06484375 0.0546875 0.03046875
3 0.87890625 0.16640625 0.146875 0.0828125
3 0.940625 0.065625 0.0484375 0.0203125
1 0.69609375 0.5484375 0.6078125 0.90078125