6 0.421875 0.8609375 0.1015625 0.01953125
6 0.8734375 0.86171875 0.171875 0.01875
4 0.74375 0.9515625 0.465625 0.096875
4 0.25625 0.9515625 0.465625 0.09609375
4 0.25625 0.70859375 0.465625 0.2625
4 0.7421875 0.70859375 0.465625 0.2625
6 0.1796875 0.459375 0.215625 0.02265625
3 0.1828125 0.42890625 0.215625 0.01953125
6 0.146875 0.37890625 0.290625 0.05546875
3 0.0359375 0.52421875 0.021875 0.01953125
6 0.31875 0.52578125 0.4984375 0.0171875
6 0.459375 0.42890625 0.20625 0.01328125
6 0.8734375 0.459375 0.196875 0.02265625
3 0.86875 0.42890625 0.215625 0.0203125
6 0.7046875 0.37890625 0.5375 0.05546875
3 0.946875 0.0640625 0.059375 0.034375
7 0.109375 0.06328125 0.196875 0.03125
4 0.5015625 0.065625 0.25625 0.034375
4 0.146875 0.22578125 0.290625 0.21015625
4 0.646875 0.225 0.65625 0.2109375