2 0.5 0.6609375 0.921875 0.034375
6 0.146875 0.5125 0.19375 0.02734375
2 0.5 0.51640625 0.903125 0.03671875
6 0.3296875 0.07578125 0.309375 0.03046875
6 0.47421875 0.17109375 0.86875 0.06171875
6 0.440625 0.26328125 0.803125 0.0546875
6 0.36015625 0.4359375 0.640625 0.0265625
6 0.465625 0.73671875 0.8765625 0.03359375
6 0.2 0.5859375 0.321875 0.02578125
6 0.09453125 0.6546875 0.1109375 0.021875
3 0.91171875 0.6546875 0.0265625 0.0078125
7 0.4984375 0.340625 0.921875 0.0515625
3 0.06640625 0.07109375 0.0421875 0.0234375