4 0.271875 0.0703125 0.1953125 0.05390625
6 0.2203125 0.15390625 0.090625 0.02109375
6 0.2828125 0.22109375 0.215625 0.0203125
6 0.26953125 0.2859375 0.1890625 0.021875
6 0.28984375 0.35234375 0.2296875 0.0203125
6 0.29609375 0.41484375 0.2359375 0.0171875
6 0.33359375 0.48125 0.3171875 0.015625
6 0.2546875 0.54609375 0.159375 0.0171875
6 0.49609375 0.73515625 0.228125 0.0171875
6 0.43359375 0.80703125 0.2859375 0.02109375
6 0.43203125 0.84375 0.49375 0.02265625
6 0.43359375 0.88203125 0.2140625 0.02265625
6 0.43203125 0.92109375 0.3671875 0.02265625
6 0.43046875 0.9578125 0.2171875 0.0171875
4 0.30625 0.73515625 0.109375 0.04453125
3 0.06796875 0.54765625 0.05625 0.0328125
3 0.06796875 0.48046875 0.059375 0.0328125
3 0.0671875 0.41484375 0.059375 0.02890625
3 0.06796875 0.35 0.0609375 0.02890625
3 0.06796875 0.284375 0.053125 0.03046875
4 0.0671875 0.21875 0.059375 0.03359375
4 0.06796875 0.153125 0.053125 0.03359375
3 0.06796875 0.07109375 0.021875 0.021875
4 0.68828125 0.07109375 0.0515625 0.03359375
3 0.8046875 0.07109375 0.059375 0.034375
3 0.92734375 0.06875 0.0625 0.03671875
3 0.76484375 0.15390625 0.0203125 0.0203125
3 0.765625 0.21953125 0.0203125 0.0203125
3 0.765625 0.28515625 0.0203125 0.0203125
3 0.765625 0.35078125 0.0203125 0.0203125
3 0.76484375 0.41640625 0.01875 0.0203125
3 0.76484375 0.48203125 0.0203125 0.0203125
3 0.765625 0.54765625 0.0203125 0.0203125
1 0.4125 0.55390625 0.825 0.8890625