6 0.496875 0.07109375 0.359375 0.01953125
4 0.2703125 0.89609375 0.4421875 0.02890625
4 0.7296875 0.89609375 0.44375 0.02890625
4 0.10234375 0.8546875 0.1078125 0.059375
3 0.065625 0.4796875 0.0359375 0.0203125
3 0.5265625 0.4796875 0.0359375 0.02109375
3 0.52734375 0.85390625 0.0375 0.0203125
4 0.2703125 0.25859375 0.4421875 0.24921875
6 0.3796875 0.47890625 0.221875 0.01953125
6 0.30546875 0.425 0.3703125 0.046875
4 0.2703125 0.63203125 0.4421875 0.2484375
6 0.33359375 0.8 0.3109375 0.046875
6 0.36796875 0.853125 0.2421875 0.0171875
6 0.8296875 0.853125 0.24375 0.01953125
3 0.79765625 0.071875 0.065625 0.02265625
6 0.1015625 0.9890625 0.10625 0.0171875
6 0.30078125 0.9875 0.1578125 0.0140625
6 0.50078125 0.9875 0.059375 0.0140625
6 0.69921875 0.9875 0.0734375 0.01328125
6 0.89921875 0.9875 0.121875 0.01328125
3 0.90078125 0.959375 0.059375 0.03359375
3 0.70078125 0.95859375 0.040625 0.02890625
3 0.50078125 0.959375 0.059375 0.03359375
3 0.30078125 0.959375 0.059375 0.03359375
3 0.1015625 0.95859375 0.05 0.02890625
6 0.74921875 0.79921875 0.4046875 0.04765625
4 0.7296875 0.63203125 0.44375 0.24765625
6 0.840625 0.47890625 0.221875 0.01953125
6 0.78359375 0.425 0.334375 0.046875
3 0.8953125 0.07109375 0.04375 0.0234375
2 0.440625 0.071875 0.559375 0.06171875
3 0.084375 0.075 0.059375 0.03671875
3 0.23984375 0.0703125 0.146875 0.05078125
4 0.7296875 0.2578125 0.44375 0.2484375