4 0.73984375 0.8796875 0.44375 0.0859375
6 0.903125 0.0734375 0.1203125 0.03359375
6 0.90390625 0.1515625 0.13125 0.0203125
6 0.690625 0.15 0.1734375 0.02109375
4 0.73984375 0.3 0.440625 0.19609375
6 0.784375 0.4484375 0.3203125 0.0640625
4 0.26015625 0.29921875 0.44375 0.196875
6 0.2859375 0.4484375 0.353125 0.0640625
4 0.740625 0.61640625 0.4453125 0.196875
6 0.77421875 0.76875 0.3375 0.0703125
6 0.33203125 0.74921875 0.2609375 0.0296875
4 0.26171875 0.61640625 0.4484375 0.1984375
3 0.90234375 0.94921875 0.0515625 0.02890625
3 0.70078125 0.94921875 0.0515625 0.02578125
3 0.50078125 0.95 0.0515625 0.02890625
4 0.26171875 0.87890625 0.446875 0.08671875
3 0.30234375 0.94921875 0.0515625 0.0296875
3 0.103125 0.94921875 0.05625 0.03046875
6 0.10234375 0.978125 0.065625 0.01484375
6 0.30234375 0.978125 0.0546875 0.01484375
6 0.5015625 0.978125 0.10625 0.015625
6 0.9015625 0.978125 0.0890625 0.015625
6 0.69921875 0.978125 0.1375 0.01484375