6 0.90625 0.9046875 0.0875 0.021875
6 0.9015625 0.81875 0.096875 0.0171875
6 0.88828125 0.7375 0.1265625 0.021875
6 0.85078125 0.6515625 0.1984375 0.0171875
6 0.8640625 0.5703125 0.171875 0.021875
6 0.896875 0.484375 0.109375 0.0171875
6 0.875 0.40078125 0.146875 0.01640625
6 0.87265625 0.3171875 0.1546875 0.01640625
6 0.84765625 0.23359375 0.2078125 0.0171875
6 0.9296875 0.15 0.046875 0.0171875
3 0.04921875 0.07109375 0.0125 0.0234375
3 0.14765625 0.07109375 0.0546875 0.03046875
3 0.26484375 0.07109375 0.059375 0.03359375
3 0.38203125 0.0703125 0.04375 0.02421875
6 0.7265625 0.07265625 0.1953125 0.0265625
3 0.93203125 0.07109375 0.0390625 0.021875