3 0.07578125 0.88203125 0.1484375 0.01953125
3 0.45546875 0.88203125 0.2140625 0.01953125
3 0.86875 0.846875 0.215625 0.01953125
6 0.809375 0.8125 0.328125 0.0171875
6 0.4609375 0.9140625 0.20625 0.01484375
6 0.0796875 0.83046875 0.140625 0.05078125
6 0.0765625 0.9140625 0.15 0.01484375
6 0.3859375 0.83125 0.346875 0.05625
6 0.80625 0.89609375 0.340625 0.04765625
3 0.18359375 0.50234375 0.2140625 0.0203125
4 0.146875 0.3 0.290625 0.21015625
6 0.0796875 0.62109375 0.109375 0.01484375
4 0.36875 0.72421875 0.390625 0.13125
4 0.07578125 0.72421875 0.1484375 0.1296875
4 0.78125 0.72421875 0.390625 0.1296875
6 0.45625 0.50234375 0.1984375 0.01328125
6 0.146875 0.45390625 0.290625 0.0546875
6 0.75390625 0.615625 0.4359375 0.02578125
6 0.1859375 0.53359375 0.203125 0.0234375
6 0.878125 0.53359375 0.1890625 0.02265625
3 0.86875 0.50234375 0.215625 0.0203125
6 0.765625 0.453125 0.421875 0.05703125
6 0.0796875 0.15546875 0.109375 0.01484375
6 0.7375 0.15390625 0.4671875 0.03125
4 0.646875 0.3 0.65625 0.21015625
6 0.89921875 0.9921875 0.084375 0.0140625
6 0.7 0.99140625 0.09375 0.0125
6 0.49921875 0.99140625 0.1078125 0.01484375
6 0.29921875 0.99140625 0.109375 0.01484375
6 0.1 0.990625 0.075 0.0125
3 0.1 0.959375 0.053125 0.0296875
3 0.3 0.959375 0.075 0.0328125
3 0.49921875 0.959375 0.059375 0.03359375
3 0.70078125 0.959375 0.065625 0.034375
3 0.9 0.959375 0.0640625 0.0359375
3 0.0609375 0.06796875 0.053125 0.02890625
3 0.1859375 0.06875 0.0703125 0.02890625
6 0.84140625 0.0703125 0.134375 0.021875
3 0.9390625 0.06953125 0.05625 0.0265625