6 0.1 0.99140625 0.0859375 0.01484375
6 0.3 0.99140625 0.09375 0.0125
6 0.5 0.99140625 0.109375 0.01484375
6 0.69921875 0.99140625 0.109375 0.01484375
6 0.9015625 0.990625 0.075 0.0125
3 0.90078125 0.959375 0.0515625 0.0296875
3 0.69921875 0.96015625 0.0734375 0.03125
3 0.50078125 0.959375 0.059375 0.0328125
3 0.29921875 0.959375 0.065625 0.03359375
3 0.09921875 0.959375 0.065625 0.0359375
3 0.92890625 0.06484375 0.0609375 0.02890625
6 0.5 0.61484375 0.659375 0.0265625
4 0.4984375 0.41015625 0.4546875 0.26484375