6 0.49921875 0.07109375 0.415625 0.01875
6 0.165625 0.190625 0.1125 0.015625
6 0.5 0.190625 0.1 0.015625
6 0.834375 0.19296875 0.1625 0.01953125
6 0.23828125 0.2796875 0.4015625 0.0265625
6 0.82734375 0.28125 0.2734375 0.02109375
6 0.19921875 0.34296875 0.121875 0.01640625
6 0.2203125 0.41015625 0.1578125 0.021875
6 0.2625 0.47578125 0.2390625 0.021875
6 0.18984375 0.53984375 0.09375 0.01640625
6 0.2734375 0.60703125 0.2671875 0.02109375
6 0.2359375 0.6703125 0.1859375 0.0171875
6 0.27109375 0.7359375 0.25625 0.0171875
6 0.21484375 0.8015625 0.14375 0.01640625
6 0.2984375 0.8703125 0.3109375 0.02109375
6 0.09921875 0.984375 0.134375 0.0140625
6 0.2984375 0.9828125 0.0921875 0.01171875
6 0.49921875 0.984375 0.09375 0.0140625
6 0.69921875 0.984375 0.109375 0.0140625
6 0.89765625 0.98359375 0.0828125 0.01015625
3 0.89765625 0.9515625 0.06875 0.03515625
4 0.6984375 0.95078125 0.04375 0.0375
3 0.49765625 0.9515625 0.0484375 0.03828125
3 0.2984375 0.9515625 0.0640625 0.03828125
3 0.0984375 0.9515625 0.0609375 0.03828125
4 0.06875 0.86875 0.0625 0.034375
4 0.0703125 0.80234375 0.046875 0.03828125
3 0.06953125 0.7375 0.0640625 0.0375
3 0.071875 0.67109375 0.0640625 0.03671875
4 0.06953125 0.60625 0.0703125 0.02265625
4 0.07109375 0.540625 0.0703125 0.03046875
3 0.06953125 0.47421875 0.0671875 0.02890625
4 0.06953125 0.40703125 0.0671875 0.02421875
3 0.06875 0.34375 0.0671875 0.0296875
3 0.94765625 0.34765625 0.0328125 0.00859375
3 0.83203125 0.14921875 0.0671875 0.02734375
3 0.5 0.1484375 0.0703125 0.03359375
3 0.16640625 0.14765625 0.0671875 0.03671875