6 0.26953125 0.35390625 0.2421875 0.01640625
2 0.50078125 0.3546875 0.76875 0.0609375
6 0.41484375 0.24765625 0.590625 0.02734375
6 0.225 0.30703125 0.2140625 0.015625
6 0.42734375 0.578125 0.621875 0.02265625
6 0.478125 0.8984375 0.721875 0.04765625
3 0.12890625 0.16953125 0.028125 0.0328125
3 0.078125 0.065625 0.0421875 0.0234375
3 0.165625 0.065625 0.0296875 0.01953125
3 0.82734375 0.065625 0.0375 0.0234375
3 0.92109375 0.065625 0.0109375 0.02109375
4 0.49921875 0.17421875 0.2515625 0.04375
7 0.5 0.44765625 0.7703125 0.0609375
7 0.50078125 0.6421875 0.76875 0.06171875
7 0.50078125 0.72421875 0.76875 0.06171875
7 0.50078125 0.80546875 0.76875 0.06171875