3 0.09921875 0.96015625 0.046875 0.02421875
3 0.29921875 0.959375 0.04375 0.02421875
3 0.5 0.9609375 0.05 0.02578125
3 0.69609375 0.96015625 0.05 0.02890625
3 0.8984375 0.9609375 0.05 0.028125
6 0.9234375 0.625 0.0703125 0.01640625
6 0.9375 0.559375 0.0453125 0.01640625
6 0.3 0.8890625 0.2859375 0.0234375
6 0.33046875 0.82265625 0.346875 0.02421875
6 0.2921875 0.7578125 0.26875 0.02578125
6 0.353125 0.6890625 0.3921875 0.0203125
6 0.24140625 0.62578125 0.1703125 0.02421875
6 0.31796875 0.5609375 0.325 0.02578125
4 0.06953125 0.88671875 0.0390625 0.0234375
3 0.06796875 0.8203125 0.05 0.028125
3 0.0671875 0.75390625 0.040625 0.0296875
4 0.06796875 0.6890625 0.05 0.028125
3 0.06640625 0.6234375 0.025 0.02578125
3 0.0671875 0.5578125 0.04375 0.02421875
7 0.278125 0.4359375 0.4046875 0.06640625
7 0.7203125 0.4359375 0.4046875 0.06640625
6 0.5 0.35703125 0.903125 0.02578125
6 0.49921875 0.31484375 0.446875 0.02890625
4 0.49921875 0.153125 0.446875 0.209375