3 0.08046875 0.0640625 0.0140625 0.0265625
3 0.834375 0.065625 0.0390625 0.0265625
3 0.93203125 0.065625 0.0421875 0.0234375
6 0.6546875 0.06875 0.2765625 0.0234375
6 0.2203125 0.065625 0.1125 0.01875
4 0.490625 0.16953125 0.31875 0.05234375
6 0.66953125 0.246875 0.1171875 0.0171875
6 0.3296875 0.246875 0.146875 0.01640625
7 0.5 0.328125 0.603125 0.05078125
7 0.50078125 0.40390625 0.6046875 0.05078125
6 0.49921875 0.4671875 0.04375 0.0140625
2 0.5 0.53046875 0.546875 0.03359375
6 0.734375 0.52109375 0.0703125 0.0140625
2 0.5 0.6296875 0.546875 0.03359375
6 0.684375 0.621875 0.16875 0.0171875
6 0.621875 0.69609375 0.2953125 0.01640625
7 0.32109375 0.7734375 0.1859375 0.05
6 0.6171875 0.76484375 0.1875 0.01328125
6 0.5 0.83125 0.5109375 0.0125
6 0.4984375 0.8671875 0.6140625 0.0125