7 0.22265625 0.25703125 0.2734375 0.0484375
7 0.45546875 0.25703125 0.15625 0.0484375
7 0.6203125 0.25703125 0.1375 0.0484375
7 0.81015625 0.25703125 0.209375 0.0484375
7 0.68359375 0.315625 0.2703125 0.0484375
7 0.35703125 0.315625 0.346875 0.0484375
7 0.25 0.37421875 0.1453125 0.04921875
7 0.446875 0.37421875 0.2140625 0.0484375
7 0.696875 0.375 0.253125 0.04921875
7 0.8140625 0.4328125 0.271875 0.0484375
7 0.58671875 0.4328125 0.146875 0.0484375
7 0.3625 0.4328125 0.265625 0.0484375
7 0.13203125 0.4328125 0.1609375 0.0484375
7 0.12109375 0.49140625 0.13125 0.0484375
7 0.29453125 0.49140625 0.18125 0.0484375
7 0.496875 0.49140625 0.1875 0.0484375
7 0.69765625 0.49140625 0.1796875 0.0484375
7 0.875 0.49140625 0.1390625 0.0484375
7 0.60078125 0.55 0.1375 0.0484375
7 0.42265625 0.54921875 0.1828125 0.0484375
6 0.8796875 0.06875 0.090625 0.01953125
6 0.4984375 0.15078125 0.55 0.0296875
6 0.50078125 0.1921875 0.1265625 0.01953125
7 0.50078125 0.94765625 0.2046875 0.06171875
3 0.94765625 0.06953125 0.0265625 0.02578125