7 0.88984375 0.0625 0.1984375 0.03125
4 0.49921875 0.065625 0.2546875 0.034375
3 0.053125 0.0640625 0.059375 0.03359375
4 0.74375 0.88203125 0.465625 0.23515625
4 0.25625 0.88203125 0.4625 0.23515625
6 0.1859375 0.72109375 0.296875 0.01953125
4 0.25625 0.56875 0.4625 0.26171875
6 0.6484375 0.72421875 0.2421875 0.0234375
4 0.74375 0.56875 0.465625 0.26171875
6 0.59375 0.3953125 0.1375 0.02109375
4 0.74375 0.2421875 0.465625 0.26171875
6 0.084375 0.396875 0.0890625 0.02421875
4 0.25703125 0.24296875 0.4640625 0.2609375