6 0.0984375 0.059375 0.1453125 0.0125
6 0.5 0.18359375 0.5703125 0.02109375
6 0.5015625 0.22421875 0.609375 0.0203125
6 0.38203125 0.54296875 0.13125 0.01953125
6 0.86796875 0.54296875 0.13125 0.01953125
6 0.38125 0.82890625 0.1328125 0.01953125
6 0.86171875 0.82890625 0.146875 0.01953125
4 0.74609375 0.93515625 0.3859375 0.12734375
4 0.25859375 0.93671875 0.38125 0.125
4 0.259375 0.69375 0.384375 0.2171875
4 0.7453125 0.69453125 0.384375 0.2171875
4 0.259375 0.4078125 0.3796875 0.21328125
4 0.7453125 0.4078125 0.3796875 0.2140625
4 0.50234375 0.10625 0.1765625 0.06796875
7 0.634375 0.54140625 0.159375 0.03046875
7 0.14921875 0.54140625 0.159375 0.03046875
7 0.634375 0.82890625 0.159375 0.0296875
7 0.14921875 0.828125 0.159375 0.0296875