3 0.42890625 0.5125 0.0390625 0.01953125
3 0.884375 0.51328125 0.0375 0.01875
3 0.884375 0.16171875 0.0375 0.01953125
3 0.42890625 0.1609375 0.0359375 0.01953125
6 0.24453125 0.0859375 0.125 0.01640625
6 0.16328125 0.31484375 0.209375 0.0140625
6 0.2390625 0.3578125 0.359375 0.04453125
6 0.18671875 0.403125 0.2546875 0.02421875
6 0.6125 0.315625 0.1953125 0.01171875
6 0.7109375 0.3578125 0.3953125 0.04453125
6 0.64375 0.403125 0.2546875 0.02265625
6 0.53671875 0.43125 0.046875 0.01484375
6 0.709375 0.43203125 0.01875 0.01328125
6 0.62421875 0.6671875 0.21875 0.0125
6 0.684375 0.7125 0.3375 0.0484375
6 0.1578125 0.6671875 0.196875 0.0125
6 0.2484375 0.71015625 0.378125 0.04375
6 0.1890625 0.75546875 0.259375 0.02265625
6 0.546875 0.78359375 0.0671875 0.0140625
6 0.7390625 0.78359375 0.0359375 0.01328125
6 0.27109375 0.78359375 0.053125 0.01484375
6 0.08203125 0.78359375 0.046875 0.0140625
6 0.10078125 0.98046875 0.115625 0.0125
6 0.29921875 0.98046875 0.0875 0.01171875
6 0.4984375 0.98046875 0.071875 0.01171875
6 0.69765625 0.98046875 0.0828125 0.01171875
6 0.89609375 0.98046875 0.103125 0.01171875
3 0.8953125 0.95234375 0.059375 0.03359375
3 0.69609375 0.95234375 0.0546875 0.03046875
4 0.49765625 0.95234375 0.0515625 0.0328125
3 0.29921875 0.953125 0.059375 0.0296875
3 0.10234375 0.95234375 0.0515625 0.0328125
7 0.4984375 0.86953125 0.884375 0.071875
6 0.64375 0.75546875 0.2578125 0.02265625
3 0.64921875 0.78359375 0.1234375 0.01328125
3 0.17421875 0.78359375 0.1234375 0.01328125
3 0.628125 0.43203125 0.1234375 0.01328125
4 0.7265625 0.56171875 0.425 0.1609375
4 0.271875 0.56171875 0.425 0.1609375
4 0.271875 0.21015625 0.425 0.16015625
4 0.7265625 0.21015625 0.425 0.16015625
3 0.121875 0.0875 0.028125 0.01484375