6 0.671875 0.6171875 0.5765625 0.0765625
6 0.8265625 0.98515625 0.0453125 0.0125
6 0.5 0.9859375 0.0640625 0.01171875
6 0.178125 0.98671875 0.053125 0.0140625
3 0.1765625 0.96171875 0.046875 0.02421875
3 0.50078125 0.96171875 0.04375 0.02421875
4 0.82578125 0.9609375 0.0796875 0.02578125
6 0.65390625 0.87109375 0.6140625 0.07109375
6 0.68046875 0.79765625 0.553125 0.028125
6 0.65546875 0.6953125 0.6109375 0.04765625
4 0.16015625 0.846875 0.24375 0.13671875
4 0.1609375 0.6421875 0.2453125 0.13671875
4 0.16015625 0.41328125 0.24375 0.13828125
6 0.65625 0.47734375 0.6078125 0.06640625
6 0.67265625 0.3859375 0.56875 0.06875
6 0.50234375 0.0921875 0.846875 0.059375
7 0.5015625 0.26015625 0.471875 0.04453125
6 0.50078125 0.1640625 0.759375 0.05546875
3 0.07421875 0.0265625 0.040625 0.02421875