4 0.49921875 0.1609375 0.9984375 0.321875
3 0.06796875 0.07109375 0.0390625 0.021875
6 0.484375 0.35390625 0.3796875 0.02265625
6 0.49921875 0.39765625 0.621875 0.02421875
6 0.14140625 0.490625 0.103125 0.01953125
3 0.88125 0.6 0.0546875 0.02578125
6 0.1828125 0.59921875 0.184375 0.01953125
6 0.1859375 0.709375 0.1921875 0.0171875
6 0.31640625 0.80703125 0.3890625 0.02109375
7 0.49921875 0.8703125 0.8828125 0.065625
6 0.5 0.965625 0.60625 0.04765625
2 0.5 0.70859375 0.884375 0.0765625
2 0.5 0.6 0.884375 0.0765625
2 0.5 0.490625 0.884375 0.0765625