6 0.51875 0.9078125 0.3015625 0.015625
6 0.46484375 0.86953125 0.409375 0.0203125
6 0.4390625 0.6828125 0.4609375 0.0203125
6 0.58515625 0.7203125 0.1703125 0.01640625
6 0.41796875 0.5359375 0.5 0.0203125
6 0.42109375 0.49609375 0.5 0.0203125
6 0.65546875 0.07265625 0.3390625 0.0265625
6 0.41953125 0.34921875 0.5 0.0203125
6 0.3640625 0.309375 0.6140625 0.02109375
6 0.4390625 0.96484375 0.459375 0.0234375
4 0.83984375 0.97109375 0.246875 0.05546875
3 0.059375 0.8953125 0.053125 0.02578125
6 0.37578125 0.803125 0.5828125 0.0734375
4 0.840625 0.8265625 0.2453125 0.13671875
3 0.059375 0.70859375 0.0515625 0.02578125
6 0.41484375 0.61328125 0.5078125 0.06875
4 0.8390625 0.6390625 0.2453125 0.13671875
3 0.059375 0.521875 0.0515625 0.02578125
6 0.38359375 0.42734375 0.575 0.06875
4 0.8390625 0.453125 0.2453125 0.13828125
3 0.059375 0.33515625 0.0515625 0.02421875
6 0.36875 0.24375 0.5984375 0.0734375
4 0.83984375 0.26640625 0.24375 0.13671875
3 0.93203125 0.071875 0.0390625 0.015625
3 0.06015625 0.07109375 0.040625 0.02421875
7 0.04609375 0.1421875 0.0890625 0.0453125
7 0.284375 0.14296875 0.315625 0.04453125
7 0.60703125 0.1421875 0.25625 0.0453125
7 0.86640625 0.14296875 0.1921875 0.04453125