3 0.88828125 0.72265625 0.0578125 0.02890625
3 0.88828125 0.4765625 0.0578125 0.02890625
3 0.88828125 0.17890625 0.0578125 0.0296875
3 0.5390625 0.4984375 0.2421875 0.02265625
6 0.5046875 0.46328125 0.309375 0.01640625
7 0.553125 0.365625 0.2171875 0.04453125
3 0.5390625 0.2703125 0.2421875 0.02265625
3 0.9390625 0.07109375 0.053125 0.0265625
3 0.0609375 0.0703125 0.05625 0.0265625
6 0.1796875 0.27109375 0.2328125 0.0140625
3 0.6421875 0.309375 0.0375 0.021875
6 0.440625 0.31171875 0.3328125 0.01875
6 0.165625 0.375 0.203125 0.02109375
6 0.175 0.5 0.2203125 0.0140625
3 0.6421875 0.5375 0.0375 0.021875
6 0.43515625 0.53828125 0.34375 0.01484375
7 0.553125 0.61171875 0.2171875 0.04453125
3 0.5390625 0.8140625 0.2421875 0.02265625
3 0.6421875 0.85234375 0.0375 0.021875
6 0.48671875 0.8546875 0.240625 0.0171875
7 0.553125 0.91015625 0.2171875 0.04453125
6 0.15859375 0.9171875 0.184375 0.021875
4 0.821875 0.98984375 0.278125 0.01953125
6 0.165625 0.81484375 0.203125 0.0140625
6 0.3671875 0.7453125 0.5875 0.08984375
4 0.821875 0.540625 0.278125 0.20859375
4 0.821875 0.81171875 0.278125 0.26015625
6 0.36796875 0.2 0.5859375 0.08671875
4 0.821875 0.26953125 0.278125 0.26015625
6 0.1578125 0.62109375 0.184375 0.02109375