6 0.28125 0.396875 0.159375 0.02109375
6 0.25078125 0.28203125 0.0984375 0.01640625
6 0.75 0.15 0.13125 0.02578125
6 0.25 0.15 0.184375 0.02578125
3 0.12890625 0.2828125 0.0421875 0.01875
3 0.12890625 0.39609375 0.0390625 0.02421875
3 0.8625 0.39609375 0.05625 0.0265625
2 0.49921875 0.40390625 0.8234375 0.040625
2 0.49921875 0.29140625 0.8234375 0.03828125
3 0.06796875 0.07109375 0.0390625 0.021875
6 0.38125 0.07109375 0.4125 0.01953125
6 0.5015625 0.50234375 0.28125 0.01953125
4 0.49921875 0.87890625 0.9984375 0.240625