6 0.90546875 0.44453125 0.109375 0.01640625
6 0.534375 0.44375 0.15625 0.01640625
6 0.11484375 0.44453125 0.096875 0.01640625
4 0.9046875 0.36171875 0.1875 0.11328125
4 0.59765625 0.36171875 0.359375 0.1140625
4 0.20625 0.36171875 0.359375 0.11328125
6 0.246875 0.54765625 0.4125 0.0296875
6 0.5 0.62734375 0.4703125 0.02109375
6 0.50078125 0.675 0.2234375 0.0171875
6 0.26640625 0.7578125 0.453125 0.0296875
6 0.49921875 0.8359375 0.459375 0.02109375
6 0.115625 0.97734375 0.1796875 0.0171875
3 0.903125 0.96171875 0.046875 0.0171875
3 0.7109375 0.96171875 0.046875 0.02578125
3 0.521875 0.9609375 0.0546875 0.0234375
3 0.328125 0.96015625 0.0453125 0.02578125
3 0.11640625 0.95 0.05 0.028125
6 0.12421875 0.2578125 0.16875 0.02578125
6 0.43359375 0.1640625 0.5109375 0.05390625
6 0.15703125 0.07109375 0.23125 0.021875
3 0.0875 0.15859375 0.096875 0.0546875