3 0.05390625 0.0640625 0.0609375 0.034375
4 0.49921875 0.06484375 0.2578125 0.03359375
7 0.88984375 0.06171875 0.1953125 0.03046875
4 0.25625 0.23984375 0.465625 0.26171875
4 0.74453125 0.23984375 0.4671875 0.26171875
4 0.25625 0.565625 0.465625 0.2625
4 0.74453125 0.565625 0.4671875 0.2625
4 0.25703125 0.8796875 0.4640625 0.2390625
4 0.74375 0.8796875 0.465625 0.2390625
6 0.5984375 0.71796875 0.15 0.0203125
6 0.11328125 0.71796875 0.1484375 0.0203125
6 0.09765625 0.39453125 0.1265625 0.02421875
6 0.58828125 0.39140625 0.1234375 0.0203125