6 0.875 0.9765625 0.10625 0.0171875
3 0.875 0.9484375 0.0421875 0.02578125
6 0.6265625 0.9765625 0.0953125 0.0171875
3 0.62578125 0.946875 0.0484375 0.0265625
6 0.37421875 0.97734375 0.1328125 0.01640625
4 0.375 0.94765625 0.05625 0.0203125
6 0.125 0.9765625 0.103125 0.0171875
3 0.12578125 0.94765625 0.059375 0.03359375
4 0.09453125 0.85390625 0.1859375 0.1328125
4 0.5875 0.85390625 0.73125 0.1328125
6 0.10625 0.74140625 0.1125 0.01328125
6 0.753125 0.73671875 0.384375 0.0421875
6 0.09375 0.5625 0.184375 0.04921875
6 0.09375 0.51953125 0.184375 0.01328125
6 0.63515625 0.5625 0.534375 0.04921875
6 0.84765625 0.51953125 0.1078125 0.01328125
4 0.11875 0.35703125 0.234375 0.246875
4 0.61171875 0.35703125 0.6828125 0.24609375
6 0.10546875 0.18828125 0.1109375 0.01328125
6 0.73125 0.178125 0.4296875 0.03359375
6 0.853125 0.06953125 0.1921875 0.02265625