6 0.5109375 0.5484375 0.4609375 0.02890625
6 0.528125 0.48125 0.4234375 0.02734375
6 0.5875 0.41015625 0.30625 0.021875
6 0.5265625 0.34296875 0.43125 0.021875
3 0.940625 0.065625 0.046875 0.0203125
6 0.7078125 0.1328125 0.1046875 0.02578125
6 0.29609375 0.13203125 0.1296875 0.02421875
3 0.08125 0.06484375 0.0546875 0.03046875
7 0.50078125 0.21328125 0.578125 0.0453125
6 0.5 0.2828125 0.5359375 0.01875
7 0.50234375 0.62265625 0.5796875 0.05546875
3 0.78984375 0.34296875 0.0515625 0.028125
3 0.78984375 0.41015625 0.046875 0.01875
3 0.79296875 0.47890625 0.0359375 0.02578125
3 0.78984375 0.546875 0.04375 0.02734375
2 0.4734375 0.34375 0.5640625 0.046875
2 0.4734375 0.4171875 0.5609375 0.03515625
2 0.47265625 0.484375 0.559375 0.03515625
2 0.4734375 0.55234375 0.5609375 0.0359375