6 0.49921875 0.075 0.246875 0.0328125
6 0.171875 0.39765625 0.109375 0.01875
6 0.184375 0.42265625 0.1296875 0.0171875
6 0.09921875 0.628125 0.1234375 0.01484375
6 0.13203125 0.66640625 0.184375 0.0171875
6 0.16953125 0.69921875 0.2609375 0.01484375
6 0.0953125 0.73515625 0.10625 0.01484375
6 0.0703125 0.7734375 0.059375 0.01875
6 0.12890625 0.809375 0.18125 0.01953125
6 0.25390625 0.8703125 0.43125 0.015625
3 0.7296875 0.7203125 0.04375 0.02578125
3 0.821875 0.7203125 0.04375 0.02421875
3 0.915625 0.7203125 0.0453125 0.02109375
3 0.0609375 0.41953125 0.034375 0.01875
3 0.0609375 0.33046875 0.0359375 0.02265625
3 0.0609375 0.24296875 0.0453125 0.02421875
4 0.24609375 0.14375 0.05625 0.028125
4 0.74921875 0.14296875 0.0625 0.02421875
3 0.91953125 0.07109375 0.053125 0.0203125
6 0.4125 0.24453125 0.5921875 0.02265625
6 0.353125 0.3328125 0.4734375 0.021875
7 0.49921875 0.52734375 0.9234375 0.078125