6 0.81875 0.07109375 0.084375 0.015625
6 0.82734375 0.6671875 0.2484375 0.01953125
4 0.7 0.5578125 0.1171875 0.02265625
6 0.86484375 0.55859375 0.1734375 0.0171875
6 0.64296875 0.61328125 0.6171875 0.05546875
4 0.5 0.8609375 0.903125 0.2765625
4 0.5 0.371875 0.903125 0.32890625
6 0.8515625 0.14296875 0.128125 0.01484375
3 0.95546875 0.1421875 0.0390625 0.02265625
6 0.121875 0.1421875 0.1890625 0.01484375
3 0.06953125 0.0703125 0.046875 0.03046875
3 0.1671875 0.07109375 0.0875 0.04921875
3 0.921875 0.07109375 0.0390625 0.021875
2 0.60859375 0.07109375 0.746875 0.0546875