6 0.50234375 0.071875 0.2234375 0.02890625
6 0.5015625 0.18359375 0.609375 0.103125
6 0.78046875 0.5203125 0.1921875 0.015625
6 0.821875 0.4421875 0.1046875 0.01640625
7 0.5015625 0.659375 0.921875 0.0828125
6 0.5 0.7484375 0.3390625 0.01953125
6 0.76484375 0.58671875 0.26875 0.0203125
2 0.5 0.5203125 0.80625 0.06484375
2 0.5015625 0.4421875 0.80625 0.06484375
6 0.5015625 0.38203125 0.0421875 0.0125
3 0.82890625 0.3109375 0.034375 0.03671875
7 0.50078125 0.31171875 0.8015625 0.0828125
5 0.5 0.46875 0.921875 0.4640625