6 0.496875 0.07109375 0.221875 0.02890625
6 0.4984375 0.18203125 0.609375 0.1
3 0.109375 0.2796875 0.028125 0.02421875
6 0.203125 0.2796875 0.09375 0.01484375
6 0.225 0.34921875 0.2 0.01484375
6 0.640625 0.34921875 0.190625 0.01484375
6 0.17734375 0.42734375 0.1046875 0.01484375
6 0.2203125 0.50546875 0.190625 0.01484375
6 0.4234375 0.57578125 0.453125 0.01953125
7 0.49921875 0.6625 0.921875 0.08203125
2 0.5 0.50546875 0.80625 0.06484375
2 0.4984375 0.42734375 0.80625 0.06484375
2 0.709375 0.34921875 0.384375 0.06484375
2 0.2890625 0.34921875 0.384375 0.06484375
5 0.49921875 0.46875 0.921875 0.46875