6 0.22578125 0.74453125 0.3375 0.0296875
6 0.70546875 0.740625 0.3359375 0.02578125
6 0.72109375 0.44375 0.3671875 0.0640625
6 0.2421875 0.44453125 0.371875 0.0625
6 0.309375 0.15 0.1734375 0.02109375
6 0.09921875 0.978125 0.0875 0.01484375
6 0.3 0.97890625 0.1359375 0.0140625
6 0.49765625 0.97734375 0.1046875 0.01484375
6 0.69765625 0.978125 0.0546875 0.01484375
6 0.89765625 0.978125 0.0625 0.01328125
3 0.896875 0.94921875 0.0546875 0.0296875
3 0.6984375 0.94921875 0.05 0.03046875
3 0.4984375 0.94921875 0.05 0.02890625
3 0.29921875 0.94921875 0.0515625 0.02578125
3 0.1 0.95 0.05 0.028125
4 0.73984375 0.85703125 0.44375 0.13125
4 0.2609375 0.85703125 0.4421875 0.13125
4 0.7390625 0.61171875 0.4421875 0.19609375
4 0.25859375 0.6125 0.4421875 0.19609375
4 0.7390625 0.29453125 0.4421875 0.1953125
4 0.2578125 0.29453125 0.44375 0.1953125
6 0.096875 0.07421875 0.1203125 0.0328125
6 0.0953125 0.15078125 0.1296875 0.01953125