6 0.65390625 0.11171875 0.5921875 0.078125
6 0.51875 0.21484375 0.86875 0.0625
4 0.91796875 0.31875 0.0703125 0.0296875
6 0.72890625 0.31796875 0.271875 0.01953125
3 0.0734375 0.31953125 0.0171875 0.01640625
4 0.91796875 0.40546875 0.0703125 0.03046875
6 0.740625 0.403125 0.2484375 0.01953125
4 0.91640625 0.49140625 0.0703125 0.02890625
6 0.79296875 0.49296875 0.146875 0.0234375
4 0.91796875 0.57734375 0.0703125 0.0296875
6 0.7625 0.57578125 0.20625 0.01953125
3 0.07265625 0.40625 0.015625 0.01640625
3 0.0734375 0.4921875 0.0171875 0.01640625
3 0.0734375 0.57890625 0.0171875 0.0171875
4 0.91640625 0.66328125 0.0703125 0.0296875
6 0.80703125 0.66484375 0.1171875 0.02265625
4 0.9171875 0.74921875 0.071875 0.0296875
6 0.7765625 0.7484375 0.178125 0.01953125
4 0.9171875 0.8359375 0.071875 0.02890625
6 0.8046875 0.83515625 0.1234375 0.01953125
4 0.9171875 0.92109375 0.071875 0.03046875
6 0.76171875 0.91953125 0.2125 0.02265625
3 0.0734375 0.6640625 0.0171875 0.01640625
3 0.07421875 0.75078125 0.015625 0.0171875
3 0.07265625 0.8359375 0.015625 0.01640625
3 0.075 0.9234375 0.0171875 0.01640625