6 0.6828125 0.07421875 0.4015625 0.02578125
4 0.921875 0.94609375 0.1171875 0.065625
4 0.921875 0.85859375 0.1171875 0.065625
4 0.921875 0.77109375 0.1171875 0.065625
4 0.921875 0.684375 0.1171875 0.065625
4 0.921875 0.596875 0.1171875 0.065625
4 0.921875 0.50859375 0.1171875 0.065625
4 0.921875 0.42109375 0.1171875 0.06640625
4 0.9203125 0.3359375 0.1125 0.0328125
4 0.921875 0.24453125 0.1171875 0.0625
4 0.921875 0.159375 0.1171875 0.065625
6 0.7171875 0.94765625 0.209375 0.0203125
6 0.521875 0.8609375 0.603125 0.01953125
6 0.603125 0.77578125 0.4375 0.0234375
6 0.653125 0.68515625 0.3421875 0.01953125
6 0.596875 0.6 0.453125 0.02421875
6 0.62578125 0.5125 0.39375 0.02421875
6 0.603125 0.4234375 0.440625 0.01953125
6 0.59921875 0.3359375 0.4484375 0.01875
6 0.6765625 0.2484375 0.2953125 0.01953125
6 0.64453125 0.16328125 0.35625 0.02421875
3 0.934375 0.07109375 0.0484375 0.0265625
3 0.06875 0.071875 0.034375 0.0265625
2 0.5015625 0.07109375 0.9609375 0.0546875