6 0.16171875 0.67890625 0.165625 0.0140625
6 0.0921875 0.60078125 0.0265625 0.0140625
2 0.3578125 0.6 0.61875 0.0578125
2 0.3578125 0.678125 0.61875 0.05859375
6 0.2265625 0.07265625 0.1 0.02265625
6 0.4984375 0.228125 0.525 0.0484375
6 0.49921875 0.52265625 0.0484375 0.01640625
6 0.23671875 0.7546875 0.121875 0.0140625
6 0.49609375 0.7546875 0.2453125 0.0140625
6 0.7578125 0.7546875 0.1265625 0.01484375
7 0.81796875 0.63671875 0.2671875 0.05390625
7 0.4984375 0.371875 0.903125 0.05546875
7 0.5 0.44375 0.903125 0.0609375
3 0.06796875 0.07109375 0.0390625 0.021875