6 0.10078125 0.49140625 0.0625 0.02265625
6 0.10234375 0.44921875 0.0765625 0.01640625
6 0.63125 0.78046875 0.6015625 0.059375
3 0.1 0.96640625 0.05 0.028125
3 0.29921875 0.96640625 0.0515625 0.028125
3 0.49921875 0.96640625 0.0515625 0.02421875
3 0.69921875 0.96640625 0.040625 0.02890625
3 0.89765625 0.96640625 0.0125 0.02265625
3 0.940625 0.7859375 0.05 0.02578125
6 0.6234375 0.88125 0.58125 0.07265625
6 0.640625 0.69453125 0.621875 0.07265625
4 0.16015625 0.88515625 0.24375 0.09921875
4 0.159375 0.71640625 0.2453125 0.13671875
6 0.54609375 0.5609375 0.7640625 0.05625
6 0.5109375 0.47734375 0.6921875 0.06953125
3 0.73515625 0.396875 0.1171875 0.065625
3 0.8671875 0.396875 0.11875 0.065625
6 0.2859375 0.0859375 0.496875 0.0328125
4 0.4984375 0.2671875 0.921875 0.259375