6 0.09921875 0.98671875 0.059375 0.01484375
3 0.09921875 0.9546875 0.0671875 0.0328125
6 0.27734375 0.47734375 0.221875 0.02421875
3 0.06875 0.475 0.0453125 0.0421875
6 0.2421875 0.40234375 0.1546875 0.02421875
3 0.06875 0.39921875 0.071875 0.040625
3 0.06796875 0.321875 0.0703125 0.034375
6 0.27734375 0.32265625 0.2265625 0.01953125
3 0.06796875 0.24609375 0.0890625 0.05
6 0.25390625 0.2484375 0.178125 0.02265625
6 0.1140625 0.13203125 0.1421875 0.02734375
3 0.29921875 0.95625 0.059375 0.03671875
3 0.4984375 0.95625 0.05625 0.0359375
6 0.2984375 0.984375 0.0703125 0.01328125
6 0.50078125 0.98515625 0.0765625 0.0125
3 0.696875 0.9546875 0.053125 0.034375
6 0.69921875 0.984375 0.0828125 0.01328125
3 0.89765625 0.95859375 0.0546875 0.009375
6 0.89921875 0.98515625 0.059375 0.0125