6 0.85625 0.0734375 0.2078125 0.02890625
6 0.5 0.4796875 0.5890625 0.0359375
6 0.50625 0.5578125 0.8765625 0.0609375
7 0.50078125 0.690625 0.6046875 0.06640625
3 0.50078125 0.36875 0.1765625 0.09921875
3 0.1265625 0.95 0.0421875 0.0078125
3 0.37578125 0.946875 0.0515625 0.0265625
3 0.6265625 0.94921875 0.0453125 0.02578125
3 0.87578125 0.94921875 0.0484375 0.02578125
6 0.875 0.978125 0.084375 0.01484375
6 0.62734375 0.978125 0.0984375 0.015625
6 0.375 0.9796875 0.159375 0.02265625
6 0.1265625 0.978125 0.071875 0.01484375