6 0.55703125 0.40234375 0.2453125 0.02109375
6 0.5828125 0.2453125 0.19375 0.021875
6 0.38984375 0.4484375 0.578125 0.04375
4 0.83046875 0.42734375 0.2453125 0.13828125
6 0.628125 0.61171875 0.6359375 0.04296875
7 0.82265625 0.69296875 0.1828125 0.03125
4 0.51796875 0.79140625 0.8453125 0.25546875
4 0.83125 0.2703125 0.2421875 0.1390625
6 0.3921875 0.29375 0.5734375 0.04765625
6 0.4703125 0.07109375 0.2296875 0.0265625
6 0.703125 0.14921875 0.4921875 0.040625
4 0.62109375 0.07109375 0.053125 0.03515625
6 0.125 0.97734375 0.103125 0.01640625
6 0.37421875 0.97734375 0.1328125 0.01640625
6 0.625 0.9765625 0.0921875 0.0171875
6 0.87421875 0.97734375 0.1046875 0.01640625
3 0.875 0.9484375 0.0421875 0.0234375
3 0.62578125 0.94765625 0.0484375 0.0265625
4 0.3765625 0.94765625 0.0546875 0.02109375
3 0.1265625 0.9484375 0.059375 0.03359375