6 0.096875 0.1515625 0.1296875 0.0203125
7 0.49921875 0.78984375 0.4875 0.071875
6 0.50078125 0.65625 0.74375 0.10625
6 0.31015625 0.15 0.1734375 0.02109375
6 0.096875 0.07421875 0.11875 0.0328125
4 0.5015625 0.43125 0.290625 0.25546875
6 0.09921875 0.97890625 0.0875 0.0140625
6 0.3 0.978125 0.1359375 0.01484375
6 0.49765625 0.97734375 0.1046875 0.01484375
6 0.69765625 0.978125 0.0546875 0.01484375
6 0.89765625 0.978125 0.0625 0.01328125
3 0.896875 0.94921875 0.0546875 0.02890625
3 0.69921875 0.94921875 0.0515625 0.0296875
3 0.4984375 0.95 0.05 0.028125
3 0.3 0.94921875 0.05 0.02578125
3 0.1 0.95 0.05 0.028125