7 0.5 0.75859375 0.4671875 0.0625
6 0.50078125 0.65625 0.5734375 0.0546875
6 0.49921875 0.58671875 0.559375 0.03671875
4 0.5015625 0.38203125 0.215625 0.22109375
6 0.5 0.14296875 0.1203125 0.02109375
6 0.834375 0.140625 0.140625 0.0171875
6 0.16640625 0.14296875 0.146875 0.021875
6 0.0734375 0.07109375 0.0609375 0.01328125
6 0.8140625 0.06953125 0.271875 0.02265625
6 0.87421875 0.97734375 0.1046875 0.01640625
3 0.875 0.9484375 0.0421875 0.02421875
3 0.62578125 0.94765625 0.0484375 0.0265625
6 0.62421875 0.9765625 0.09375 0.0171875
6 0.375 0.97734375 0.134375 0.01640625
6 0.1234375 0.97734375 0.103125 0.01640625
4 0.375 0.94765625 0.05625 0.0203125
3 0.12578125 0.946875 0.059375 0.034375