6 0.1015625 0.98515625 0.0609375 0.0125
6 0.3015625 0.984375 0.0828125 0.01328125
6 0.49921875 0.98515625 0.0765625 0.0125
6 0.7 0.98515625 0.0671875 0.0125
6 0.9 0.98671875 0.059375 0.015625
3 0.10078125 0.95859375 0.059375 0.01171875
3 0.30078125 0.95546875 0.0515625 0.03515625
3 0.5015625 0.95625 0.05625 0.0359375
3 0.70078125 0.95546875 0.059375 0.03671875
3 0.9 0.9546875 0.0671875 0.03125
4 0.50078125 0.7796875 0.9984375 0.2953125
6 0.49921875 0.35078125 0.3203125 0.0203125
6 0.81640625 0.07109375 0.2859375 0.02265625