4 0.259375 0.1578125 0.44375 0.24921875
4 0.7390625 0.09296875 0.4421875 0.11953125
6 0.65234375 0.18203125 0.265625 0.01875
6 0.621875 0.21015625 0.20625 0.01953125
6 0.146875 0.3140625 0.2171875 0.01640625
6 0.128125 0.34296875 0.1796875 0.01953125
4 0.73984375 0.39453125 0.44375 0.259375
6 0.696875 0.55703125 0.359375 0.02109375
6 0.68515625 0.58359375 0.334375 0.01953125
4 0.259375 0.571875 0.44375 0.35
6 0.09140625 0.7796875 0.103125 0.021875
6 0.234375 0.80546875 0.3921875 0.01953125
4 0.259375 0.89140625 0.44375 0.06328125
4 0.73828125 0.7796875 0.44375 0.2859375
3 0.09921875 0.96015625 0.0484375 0.02421875
3 0.29765625 0.96015625 0.04375 0.02578125
3 0.49921875 0.96015625 0.0515625 0.0265625
3 0.696875 0.96015625 0.0515625 0.02890625
3 0.89921875 0.96015625 0.0515625 0.02890625