4 0.840625 0.26875 0.2453125 0.13828125
3 0.9328125 0.07109375 0.040625 0.01875
4 0.840625 0.45546875 0.2453125 0.13828125
7 0.8671875 0.1421875 0.190625 0.04453125
7 0.60625 0.1421875 0.2546875 0.04453125
7 0.284375 0.1421875 0.315625 0.04453125
7 0.0453125 0.1421875 0.0875 0.04453125
6 0.365625 0.2421875 0.60625 0.06796875
6 0.41171875 0.33203125 0.51875 0.059375
3 0.06015625 0.3375 0.0515625 0.02421875
6 0.47890625 0.4296875 0.378125 0.06796875
6 0.409375 0.51875 0.521875 0.05859375
3 0.059375 0.52421875 0.0515625 0.02578125
6 0.45703125 0.59375 0.4203125 0.02265625
6 0.453125 0.659375 0.4328125 0.05625
3 0.06015625 0.7109375 0.0515625 0.02578125
4 0.83984375 0.6421875 0.24375 0.13671875
4 0.840625 0.828125 0.2453125 0.13671875
6 0.4578125 0.78046875 0.421875 0.0234375
6 0.453125 0.84609375 0.4328125 0.05625
4 0.840625 0.97265625 0.2453125 0.05390625
3 0.059375 0.896875 0.0515625 0.02578125
6 0.37734375 0.9703125 0.584375 0.02890625
6 0.65546875 0.07265625 0.3390625 0.0265625
3 0.059375 0.071875 0.040625 0.0265625