6 0.23828125 0.0921875 0.1546875 0.0296875
6 0.2765625 0.19921875 0.1609375 0.02578125
6 0.33671875 0.28828125 0.2828125 0.02421875
6 0.28359375 0.375 0.175 0.01953125
6 0.3265625 0.46640625 0.2640625 0.02578125
6 0.2453125 0.55390625 0.0984375 0.01953125
3 0.07890625 0.08359375 0.0953125 0.0546875
3 0.078125 0.19609375 0.08125 0.04453125
4 0.0765625 0.2859375 0.059375 0.04140625
3 0.078125 0.375 0.075 0.03359375
3 0.07734375 0.46328125 0.071875 0.03359375
3 0.078125 0.55234375 0.071875 0.04140625
1 0.33984375 0.515625 0.6796875 0.96640625