6 0.1765625 0.06484375 0.146875 0.01484375
6 0.8984375 0.97421875 0.0859375 0.01015625
6 0.70078125 0.975 0.09375 0.009375
6 0.49921875 0.97421875 0.109375 0.009375
6 0.29921875 0.975 0.09375 0.009375
6 0.1 0.97421875 0.0609375 0.009375
3 0.1 0.93828125 0.059375 0.03359375
3 0.30078125 0.93828125 0.0578125 0.0328125
3 0.5 0.9390625 0.05625 0.0328125
3 0.6984375 0.93828125 0.059375 0.03359375
3 0.89921875 0.93828125 0.0578125 0.03125
7 0.85859375 0.81328125 0.125 0.0703125
7 0.49921875 0.53359375 0.846875 0.06875
6 0.50078125 0.4546875 0.046875 0.01484375
6 0.50078125 0.38203125 0.66875 0.02265625
6 0.50078125 0.3 0.8125 0.06171875
7 0.7390625 0.14609375 0.4421875 0.075
6 0.82421875 0.06484375 0.1375 0.01484375
6 0.49921875 0.06484375 0.190625 0.01484375
7 0.259375 0.14609375 0.4421875 0.075