6 0.50546875 0.86796875 0.35 0.01640625
6 0.42578125 0.68203125 0.1875 0.015625
6 0.50390625 0.540625 0.3453125 0.01953125
6 0.50546875 0.30859375 0.35 0.01640625
6 0.60859375 0.43203125 0.559375 0.06640625
6 0.546875 0.596875 0.4328125 0.02421875
6 0.51875 0.7859375 0.3703125 0.0296875
6 0.55234375 0.2234375 0.4375 0.02265625
6 0.3453125 0.07265625 0.340625 0.0265625
6 0.6109375 0.96953125 0.5609375 0.02265625
4 0.16015625 0.9734375 0.24375 0.05078125
3 0.93984375 0.9 0.0515625 0.02578125
6 0.5453125 0.8296875 0.4296875 0.02109375
4 0.16015625 0.83125 0.24375 0.1359375
3 0.940625 0.71328125 0.0515625 0.02578125
6 0.55859375 0.64375 0.45625 0.0203125
4 0.159375 0.64453125 0.2453125 0.13671875
3 0.940625 0.5265625 0.0515625 0.02578125
6 0.54453125 0.50078125 0.425 0.0203125
4 0.16015625 0.4578125 0.24375 0.13828125
3 0.940625 0.33984375 0.0515625 0.02421875
6 0.534375 0.2703125 0.409375 0.0203125
4 0.16015625 0.2703125 0.24375 0.13671875
3 0.0671875 0.07109375 0.040625 0.01640625
3 0.940625 0.07109375 0.0421875 0.0265625
7 0.9546875 0.14140625 0.0875 0.04375
7 0.715625 0.1421875 0.315625 0.04453125
7 0.39375 0.14296875 0.2546875 0.04453125
7 0.1328125 0.1421875 0.190625 0.04453125