3 0.05234375 0.06875 0.0265625 0.02421875
6 0.1203125 0.06875 0.090625 0.01875
6 0.5 0.15390625 0.7 0.0359375
6 0.1046875 0.21953125 0.1328125 0.01875
6 0.153125 0.2421875 0.2265625 0.01484375
6 0.1265625 0.290625 0.171875 0.01875
6 0.16640625 0.315625 0.253125 0.01875
6 0.0828125 0.3609375 0.0828125 0.01875
6 0.1375 0.38515625 0.196875 0.01484375
6 0.134375 0.43203125 0.1875 0.01875
6 0.16328125 0.4578125 0.246875 0.01875
6 0.090625 0.503125 0.1015625 0.0171875
6 0.17265625 0.5265625 0.265625 0.015625
6 0.1375 0.57734375 0.196875 0.021875
6 0.11328125 0.5984375 0.146875 0.0140625
6 0.14765625 0.64609375 0.215625 0.0171875
6 0.190625 0.67109375 0.3078125 0.01953125
6 0.096875 0.71953125 0.115625 0.021875
6 0.11953125 0.7421875 0.1609375 0.01953125
7 0.49921875 0.94765625 0.2046875 0.06171875