6 0.203125 0.5125 0.30625 0.0171875
6 0.1328125 0.4 0.1625 0.01875
6 0.09609375 0.29140625 0.090625 0.01640625
6 0.4984375 0.05859375 0.2703125 0.04375
6 0.5 0.1328125 0.8203125 0.0515625
6 0.4703125 0.20703125 0.8625 0.040625
6 0.18515625 0.9296875 0.290625 0.0171875
6 0.49921875 0.8421875 0.49375 0.0171875
7 0.49921875 0.7765625 0.921875 0.065625
7 0.49921875 0.690625 0.921875 0.06484375
7 0.4984375 0.6046875 0.921875 0.06640625
3 0.9015625 0.40234375 0.05625 0.02734375
3 0.9015625 0.51484375 0.05625 0.02734375
2 0.4984375 0.29765625 0.903125 0.0296875
2 0.4984375 0.40625 0.903125 0.0359375
2 0.4984375 0.51875 0.903125 0.0359375