6 0.68359375 0.07421875 0.4 0.02578125
6 0.5015625 0.875 0.2359375 0.02421875
6 0.5015625 0.15390625 0.4546875 0.02421875
7 0.4296875 0.97265625 0.065625 0.028125
3 0.0890625 0.97734375 0.053125 0.02734375
4 0.26015625 0.9734375 0.44375 0.0515625
3 0.56875 0.9765625 0.0546875 0.028125
7 0.909375 0.9734375 0.0671875 0.02890625
4 0.740625 0.9734375 0.44375 0.05234375
6 0.5 0.9140625 0.496875 0.02421875
4 0.92265625 0.43515625 0.11875 0.06640625
4 0.921875 0.52265625 0.1171875 0.065625
4 0.92265625 0.6109375 0.11875 0.065625
4 0.921875 0.6984375 0.1171875 0.06640625
4 0.92265625 0.7859375 0.11875 0.06640625
6 0.61484375 0.7890625 0.41875 0.02578125
6 0.6671875 0.7015625 0.309375 0.02578125
6 0.71796875 0.61171875 0.2140625 0.0203125
6 0.67109375 0.5265625 0.309375 0.02578125
6 0.634375 0.4390625 0.3796875 0.02421875
6 0.6515625 0.3515625 0.346875 0.02421875
4 0.92265625 0.34765625 0.11875 0.06640625
6 0.80078125 0.2625 0.0484375 0.01953125
4 0.92265625 0.26015625 0.11875 0.06640625
6 0.5 0.19453125 0.4109375 0.02421875
3 0.934375 0.071875 0.0484375 0.02734375
3 0.06953125 0.071875 0.0359375 0.02734375
2 0.50078125 0.07109375 0.959375 0.0546875