6 0.41875 0.0609375 0.484375 0.0265625
6 0.4890625 0.0890625 0.63125 0.0171875
6 0.83828125 0.15703125 0.0578125 0.0125
6 0.5046875 0.15703125 0.0828125 0.0125
6 0.165625 0.1578125 0.0703125 0.0125
6 0.359375 0.4953125 0.603125 0.02578125
6 0.321875 0.54296875 0.5265625 0.021875
6 0.83515625 0.53828125 0.1515625 0.0265625
6 0.83515625 0.96484375 0.1515625 0.0265625
6 0.284375 0.96640625 0.446875 0.02578125
3 0.94375 0.06953125 0.0125 0.0265625
3 0.7765625 0.05703125 0.0390625 0.0203125
3 0.06796875 0.07109375 0.0421875 0.0234375
3 0.165625 0.13515625 0.05625 0.02734375
4 0.50390625 0.13203125 0.05 0.028125
3 0.83828125 0.1328125 0.0484375 0.028125
4 0.49921875 0.321875 0.9625 0.27421875
7 0.425 0.6 0.2703125 0.046875
3 0.1546875 0.6 0.190625 0.01875
4 0.4984375 0.7921875 0.9609375 0.2734375