6 0.8546875 0.271875 0.1875 0.01953125
6 0.89765625 0.18828125 0.1046875 0.01953125
2 0.63671875 0.19140625 0.6328125 0.03984375
2 0.63515625 0.2765625 0.6328125 0.03046875
6 0.3796875 0.31875 0.1234375 0.02109375
6 0.634375 0.4921875 0.403125 0.01875
6 0.6359375 0.56953125 0.034375 0.01328125
7 0.6359375 0.7296875 0.653125 0.06484375
6 0.6359375 0.9828125 0.071875 0.0125
7 0.63515625 0.6484375 0.6515625 0.065625
7 0.6359375 0.39140625 0.653125 0.05546875
3 0.63515625 0.09609375 0.1484375 0.0828125
1 0.63515625 0.515625 0.7296875 0.9671875