6 0.21015625 0.5515625 0.29375 0.01484375
6 0.221875 0.071875 0.09375 0.01953125
6 0.15 0.14296875 0.221875 0.0171875
6 0.9203125 0.21640625 0.0796875 0.01640625
6 0.5609375 0.21796875 0.478125 0.0203125
6 0.4234375 0.25 0.20625 0.0171875
6 0.9109375 0.2484375 0.1 0.0203125
6 0.415625 0.2796875 0.1890625 0.0140625
6 0.54375 0.33125 0.4453125 0.05625
6 0.178125 0.46953125 0.278125 0.0203125
6 0.12421875 0.64140625 0.16875 0.015625
6 0.1171875 0.68671875 0.1578125 0.0203125
6 0.13828125 0.728125 0.1984375 0.01640625
6 0.9203125 0.64140625 0.0796875 0.015625
6 0.9109375 0.68515625 0.0953125 0.0203125
6 0.9109375 0.72890625 0.0953125 0.0203125
6 0.49296875 0.796875 0.909375 0.015625
6 0.31484375 0.85390625 0.44375 0.0171875
4 0.05625 0.8515625 0.0375 0.0234375
7 0.49921875 0.95 0.921875 0.0546875
7 0.853125 0.55078125 0.2140625 0.05703125
2 0.3859375 0.55078125 0.696875 0.05703125
6 0.88515625 0.39296875 0.0125 0.01640625
3 0.921875 0.39140625 0.021875 0.0078125
3 0.0671875 0.07109375 0.0375 0.021875
4 0.16015625 0.284375 0.24375 0.15546875