6 0.209375 0.07578125 0.1671875 0.01640625
6 0.921875 0.90234375 0.090625 0.02421875
6 0.92265625 0.50546875 0.0875 0.02421875
6 0.88359375 0.93515625 0.1703125 0.01953125
6 0.88359375 0.5390625 0.1703125 0.01875
6 0.81015625 0.9703125 0.31875 0.0265625
6 0.29609375 0.9546875 0.53125 0.05546875
6 0.178125 0.90390625 0.2953125 0.02578125
4 0.49921875 0.7484375 0.9984375 0.25390625
6 0.79375 0.57421875 0.3484375 0.02578125
6 0.296875 0.5578125 0.5328125 0.05546875
6 0.25546875 0.50546875 0.45 0.02109375
4 0.49921875 0.35625 0.9984375 0.24375
6 0.1921875 0.20703125 0.3328125 0.02109375
3 0.9375 0.07578125 0.05625 0.02890625
7 0.9 0.14921875 0.153125 0.0546875
7 0.65078125 0.14921875 0.3015625 0.0546875
7 0.25078125 0.14921875 0.4515625 0.0546875
3 0.071875 0.07578125 0.0359375 0.0203125
2 0.434375 0.07578125 0.81875 0.05703125