6 0.51953125 0.0734375 0.3140625 0.0234375
6 0.10234375 0.9890625 0.1078125 0.0171875
6 0.3 0.9875 0.1546875 0.0140625
6 0.50078125 0.9875 0.059375 0.0140625
6 0.6984375 0.9875 0.071875 0.0140625
6 0.89921875 0.9875 0.121875 0.01328125
6 0.4984375 0.1390625 0.2953125 0.0203125
3 0.084375 0.075 0.0609375 0.0359375
3 0.79765625 0.071875 0.065625 0.0234375
3 0.240625 0.071875 0.1453125 0.05078125
6 0.83984375 0.88515625 0.221875 0.0171875
6 0.7375 0.83359375 0.425 0.05078125
4 0.73046875 0.66328125 0.4421875 0.25078125
6 0.3796875 0.884375 0.221875 0.0171875
6 0.27890625 0.8328125 0.425 0.05234375
4 0.26953125 0.66328125 0.4421875 0.25078125
6 0.38046875 0.48125 0.221875 0.01953125
6 0.28515625 0.4453125 0.4078125 0.02265625
4 0.26953125 0.28984375 0.4421875 0.2484375
6 0.83984375 0.51015625 0.221875 0.01953125
6 0.77890625 0.45859375 0.3390625 0.05078125
4 0.065625 0.48125 0.0390625 0.02109375
4 0.73046875 0.28984375 0.4421875 0.25078125
2 0.440625 0.071875 0.559375 0.06171875
3 0.89453125 0.07109375 0.0453125 0.0234375
3 0.90078125 0.959375 0.059375 0.03359375
4 0.70078125 0.95859375 0.040625 0.02890625
3 0.5015625 0.95859375 0.0609375 0.034375
4 0.30078125 0.95859375 0.059375 0.034375
3 0.1015625 0.95859375 0.05 0.02890625