4 0.74453125 0.88515625 0.4671875 0.228125
4 0.25625 0.88515625 0.465625 0.228125
6 0.2171875 0.73046875 0.359375 0.02421875
6 0.59921875 0.728125 0.1484375 0.01953125
4 0.74375 0.57578125 0.465625 0.26171875
4 0.25625 0.57578125 0.465625 0.26171875
6 0.10390625 0.403125 0.13125 0.01953125
6 0.60703125 0.403125 0.1671875 0.01875
4 0.74375 0.25078125 0.465625 0.26171875
4 0.25625 0.25078125 0.465625 0.26171875
3 0.05390625 0.06328125 0.0609375 0.034375
4 0.49921875 0.065625 0.2546875 0.034375
7 0.890625 0.06328125 0.196875 0.03125