7 0.77734375 0.25703125 0.2734375 0.0484375
7 0.54453125 0.25703125 0.15625 0.0484375
7 0.3796875 0.25703125 0.1375 0.0484375
7 0.18984375 0.25703125 0.209375 0.0484375
7 0.31640625 0.315625 0.2703125 0.0484375
7 0.64296875 0.315625 0.346875 0.0484375
7 0.75 0.37421875 0.1453125 0.04921875
7 0.553125 0.37421875 0.2140625 0.0484375
7 0.303125 0.375 0.253125 0.04921875
7 0.1859375 0.4328125 0.271875 0.0484375
7 0.41328125 0.4328125 0.146875 0.0484375
7 0.6375 0.4328125 0.265625 0.0484375
7 0.86796875 0.4328125 0.1609375 0.0484375
7 0.87890625 0.49140625 0.13125 0.0484375
7 0.70546875 0.49140625 0.18125 0.0484375
7 0.503125 0.49140625 0.1875 0.0484375
7 0.30234375 0.49140625 0.1796875 0.0484375
7 0.125 0.49140625 0.1390625 0.0484375
7 0.39921875 0.55 0.1375 0.0484375
7 0.57734375 0.54921875 0.1828125 0.0484375
6 0.1203125 0.06875 0.090625 0.01953125
6 0.5015625 0.15078125 0.55 0.0296875
6 0.49921875 0.1921875 0.1265625 0.01953125
7 0.49921875 0.94765625 0.2046875 0.06171875
3 0.05234375 0.06953125 0.0265625 0.02578125