6 0.57734375 0.090625 0.1515625 0.015625
4 0.4 0.1015625 0.125 0.0703125
6 0.671875 0.115625 0.34375 0.0140625
6 0.4515625 0.20234375 0.1890625 0.01484375
6 0.45078125 0.259375 0.1875 0.01484375
6 0.51015625 0.31875 0.30625 0.01875
6 0.47578125 0.375 0.240625 0.0140625
6 0.4875 0.43203125 0.2609375 0.01484375
7 0.921875 0.3734375 0.0796875 0.0203125
7 0.921875 0.4890625 0.0796875 0.0203125
6 0.42578125 0.49140625 0.140625 0.0171875
6 0.4484375 0.55 0.184375 0.0171875
6 0.45234375 0.60546875 0.190625 0.015625
6 0.39140625 0.66484375 0.0703125 0.0171875
6 0.48359375 0.7234375 0.259375 0.0171875
6 0.4265625 0.7796875 0.1453125 0.01484375
3 0.6296875 0.37578125 0.028125 0.01640625
7 0.48984375 0.94921875 0.284375 0.05546875
7 0.80859375 0.95 0.2859375 0.05546875
1 0.6484375 0.515625 0.7 0.96640625