6 0.2671875 0.7625 0.390625 0.0296875
6 0.7484375 0.78203125 0.3859375 0.0703125
6 0.7484375 0.48125 0.3859375 0.02421875
6 0.3078125 0.484375 0.3078125 0.03046875
6 0.690625 0.15 0.1734375 0.021875
6 0.50078125 0.21640625 0.2796875 0.02421875
6 0.9 0.978125 0.0890625 0.01484375
6 0.69921875 0.978125 0.1375 0.01484375
6 0.50234375 0.97734375 0.1046875 0.01484375
6 0.30234375 0.978125 0.0546875 0.01484375
6 0.1015625 0.978125 0.0640625 0.01484375
3 0.103125 0.94921875 0.0546875 0.03046875
3 0.30078125 0.94921875 0.0515625 0.03046875
3 0.5015625 0.95 0.05 0.028125
3 0.70078125 0.94921875 0.0515625 0.02578125
3 0.9 0.95 0.05 0.028125
4 0.2609375 0.8859375 0.4453125 0.07265625
4 0.740625 0.8859375 0.4421875 0.07265625
4 0.26171875 0.63125 0.440625 0.19609375
4 0.740625 0.6296875 0.4421875 0.19609375
4 0.2609375 0.3515625 0.4421875 0.19609375
4 0.740625 0.35234375 0.44375 0.1953125
6 0.903125 0.0734375 0.11875 0.03125
6 0.9046875 0.1515625 0.1296875 0.0203125