6 0.54765625 0.10625 0.3078125 0.034375
6 0.23203125 0.18359375 0.121875 0.0203125
6 0.70390625 0.1859375 0.128125 0.02578125
6 0.26171875 0.2625 0.1875 0.05234375
6 0.684375 0.2609375 0.0875 0.0203125
6 0.71171875 0.33671875 0.14375 0.0203125
6 0.290625 0.3390625 0.2453125 0.02421875
6 0.1609375 0.41796875 0.2609375 0.028125
6 0.39375 0.7203125 0.5875 0.08359375
6 0.403125 0.78671875 0.6109375 0.01875
6 0.16484375 0.97734375 0.159375 0.01953125
6 0.4984375 0.978125 0.071875 0.01875
6 0.83203125 0.9765625 0.1203125 0.0140625
3 0.8328125 0.95234375 0.040625 0.02265625
3 0.49921875 0.95234375 0.040625 0.02109375
3 0.165625 0.95234375 0.040625 0.02265625
4 0.5640625 0.33515625 0.0421875 0.02890625
3 0.09453125 0.33671875 0.046875 0.0265625
4 0.096875 0.2578125 0.05625 0.0265625
4 0.56484375 0.259375 0.0515625 0.01640625
4 0.56484375 0.18359375 0.0484375 0.02734375
4 0.0953125 0.18359375 0.0484375 0.01640625
4 0.3453125 0.08046875 0.096875 0.0546875
4 0.4984375 0.63828125 0.9421875 0.38203125
4 0.4984375 0.88828125 0.9421875 0.084375