6 0.33828125 0.103125 0.31875 0.028125
3 0.1 0.96015625 0.046875 0.0234375
3 0.29765625 0.96015625 0.04375 0.0234375
3 0.49921875 0.96015625 0.0515625 0.02578125
3 0.69609375 0.96015625 0.05 0.02890625
3 0.8984375 0.9609375 0.05 0.028125
3 0.9296875 0.8234375 0.0515625 0.02578125
3 0.45078125 0.82421875 0.0515625 0.02578125
6 0.5765625 0.8875 0.1140625 0.01875
6 0.61875 0.8375 0.2015625 0.04765625
6 0.096875 0.88828125 0.1125 0.0171875
6 0.184375 0.83671875 0.2875 0.04765625
6 0.5765625 0.49140625 0.1140625 0.01953125
3 0.93046875 0.42734375 0.05 0.0265625
3 0.45078125 0.42734375 0.0515625 0.02421875
6 0.6703125 0.440625 0.3015625 0.046875
6 0.096875 0.49140625 0.1125 0.01953125
6 0.19375 0.440625 0.3125 0.046875
3 0.115625 0.1 0.0421875 0.0234375
2 0.49921875 0.1 0.9234375 0.06640625
4 0.25859375 0.6734375 0.4390625 0.2484375
4 0.73828125 0.67265625 0.440625 0.2484375
4 0.7390625 0.27578125 0.4390625 0.2484375
4 0.259375 0.27578125 0.4390625 0.2484375