6 0.85703125 0.7859375 0.1859375 0.01953125
6 0.77109375 0.659375 0.35625 0.01875
3 0.50078125 0.07109375 0.0296875 0.01640625
3 0.0984375 0.78671875 0.05625 0.02734375
6 0.5 0.10703125 0.1359375 0.01875
6 0.7859375 0.37109375 0.353125 0.021875
6 0.528125 0.42578125 0.8671875 0.021875
6 0.50078125 0.58046875 0.334375 0.021875
6 0.215625 0.9640625 0.3484375 0.0171875
7 0.50078125 0.89921875 0.921875 0.06484375
2 0.50078125 0.790625 0.9046875 0.03671875
2 0.50078125 0.66484375 0.9046875 0.0296875
7 0.740625 0.5015625 0.44375 0.06484375
7 0.2609375 0.5015625 0.4421875 0.06484375
4 0.8890625 0.27890625 0.146875 0.0828125