6 0.17578125 0.540625 0.2046875 0.021875
6 0.13046875 0.4640625 0.1140625 0.021875
6 0.2625 0.1625 0.45 0.03359375
6 0.5 0.3296875 0.046875 0.01640625
6 0.25703125 0.390625 0.4390625 0.0328125
6 0.81484375 0.6125 0.296875 0.021875
6 0.5 0.86328125 0.83125 0.05078125
7 0.5 0.76640625 0.928125 0.07734375
7 0.5 0.68359375 0.928125 0.07734375
7 0.24921875 0.2375 0.4296875 0.08671875
7 0.7484375 0.2375 0.428125 0.08671875
6 0.23046875 0.0734375 0.109375 0.02109375
3 0.93046875 0.07109375 0.05625 0.03125
3 0.06796875 0.07109375 0.021875 0.0234375
2 0.4984375 0.46328125 0.928125 0.06953125
2 0.4984375 0.540625 0.928125 0.06953125