6 0.75078125 0.1421875 0.196875 0.0171875
6 0.25 0.1421875 0.0921875 0.01875
6 0.10078125 0.98515625 0.059375 0.0125
6 0.30078125 0.984375 0.0828125 0.01328125
6 0.49921875 0.98515625 0.0765625 0.0125
6 0.70078125 0.98515625 0.06875 0.0125
6 0.90078125 0.98671875 0.05625 0.0140625
3 0.9015625 0.9546875 0.0671875 0.03046875
3 0.68671875 0.95234375 0.0875 0.0421875
3 0.5015625 0.95625 0.05625 0.0359375
3 0.30234375 0.9546875 0.0515625 0.034375
3 0.10078125 0.95859375 0.059375 0.01171875
3 0.109375 0.85234375 0.1375 0.0765625
6 0.234375 0.771875 0.3296875 0.0203125
6 0.47578125 0.68984375 0.6578125 0.071875
4 0.9015625 0.68203125 0.1171875 0.06484375
6 0.2609375 0.57265625 0.384375 0.01953125
6 0.49296875 0.49140625 0.625 0.07265625
4 0.903125 0.4828125 0.1171875 0.06484375
7 0.5 0.33984375 0.7859375 0.05078125
6 0.50078125 0.23125 0.796875 0.0828125
6 0.8921875 0.0734375 0.11875 0.0296875