6 0.68203125 0.0734375 0.4 0.0234375
4 0.921875 0.2609375 0.1171875 0.065625
4 0.921875 0.34765625 0.1171875 0.06640625
4 0.921875 0.43515625 0.1171875 0.06640625
4 0.921875 0.52265625 0.1171875 0.065625
4 0.921875 0.6109375 0.1171875 0.06484375
4 0.921875 0.6984375 0.1171875 0.06484375
4 0.92265625 0.7859375 0.11875 0.06640625
4 0.921875 0.87265625 0.1171875 0.065625
3 0.89921875 0.95 0.0515625 0.02890625
3 0.70078125 0.94921875 0.0515625 0.02578125
3 0.50078125 0.94921875 0.0515625 0.02890625
3 0.3015625 0.94921875 0.05 0.0296875
3 0.103125 0.94921875 0.05625 0.0296875
6 0.10234375 0.978125 0.065625 0.01484375
6 0.3015625 0.978125 0.053125 0.01484375
6 0.5015625 0.978125 0.10625 0.015625
6 0.7 0.978125 0.1359375 0.01484375
6 0.9 0.978125 0.0890625 0.01484375
6 0.53828125 0.87734375 0.5703125 0.02421875
6 0.6 0.78984375 0.45 0.02421875
6 0.590625 0.69921875 0.4671875 0.0203125
6 0.77109375 0.6125 0.109375 0.01875
6 0.64375 0.52421875 0.3578125 0.0203125
6 0.71953125 0.4390625 0.20625 0.02421875
6 0.60234375 0.3515625 0.44375 0.02421875
6 0.80078125 0.2625 0.0484375 0.0203125
6 0.5 0.19296875 0.4109375 0.02421875
6 0.5 0.15546875 0.2859375 0.02265625
3 0.934375 0.07109375 0.0484375 0.0265625
3 0.06953125 0.071875 0.0359375 0.0265625
2 0.5015625 0.07109375 0.9609375 0.0546875