6 0.275 0.33828125 0.175 0.01875
6 0.23359375 0.25078125 0.09375 0.01875
6 0.228125 0.0734375 0.18125 0.02734375
6 0.46875 0.178125 0.696875 0.021875
6 0.47421875 0.5109375 0.8734375 0.071875
6 0.49375 0.9546875 0.446875 0.021875
3 0.06796875 0.84453125 0.1109375 0.0640625
3 0.2828125 0.84453125 0.115625 0.06484375
3 0.496875 0.84453125 0.115625 0.06484375
4 0.71015625 0.84453125 0.115625 0.06484375
4 0.92421875 0.84453125 0.115625 0.06484375
3 0.921875 0.3375 0.0546875 0.02109375
3 0.06796875 0.3375 0.0421875 0.0296875
3 0.06796875 0.25078125 0.05 0.02265625
3 0.07109375 0.17421875 0.0609375 0.02265625
3 0.046875 0.07109375 0.0421875 0.0234375
2 0.5671875 0.259375 0.765625 0.03671875
2 0.56640625 0.346875 0.7671875 0.03828125
7 0.5 0.4203125 0.921875 0.06640625