3 0.09921875 0.959375 0.065625 0.03671875
3 0.29921875 0.96015625 0.065625 0.034375
3 0.50078125 0.959375 0.059375 0.03359375
3 0.69921875 0.959375 0.0765625 0.03046875
3 0.9 0.959375 0.053125 0.03046875
6 0.9015625 0.99140625 0.075 0.0125
6 0.70078125 0.99140625 0.109375 0.01484375
6 0.50078125 0.9921875 0.1078125 0.0140625
6 0.30078125 0.990625 0.096875 0.0125
6 0.1 0.99140625 0.0859375 0.01484375
7 0.5 0.68828125 0.603125 0.05390625
6 0.50078125 0.58671875 0.6734375 0.0703125
4 0.50078125 0.3421875 0.5078125 0.30078125
6 0.5015625 0.06640625 0.246875 0.02109375