6 0.14296875 0.5296875 0.1859375 0.01953125
6 0.53203125 0.44140625 0.3140625 0.021875
6 0.18359375 0.36484375 0.2640625 0.01875
6 0.62890625 0.2859375 0.1953125 0.01875
6 0.125 0.284375 0.15 0.01328125
2 0.5 0.3703125 0.903125 0.0296875
2 0.73984375 0.290625 0.4234375 0.02890625
2 0.259375 0.29296875 0.4234375 0.02890625
6 0.3390625 0.19609375 0.6 0.03515625
6 0.1046875 0.40625 0.1125 0.01875
6 0.12890625 0.4453125 0.1421875 0.0265625
7 0.5 0.93671875 0.903125 0.06796875
3 0.9015625 0.53046875 0.05625 0.02734375
3 0.3046875 0.44375 0.0234375 0.0078125
4 0.1171875 0.1203125 0.1046875 0.034375
2 0.5 0.534375 0.903125 0.03671875
2 0.6625 0.4484375 0.578125 0.0359375