6 0.090625 0.51640625 0.05625 0.015625
7 0.85546875 0.52109375 0.1609375 0.028125
6 0.38359375 0.90859375 0.553125 0.090625
3 0.88828125 0.88515625 0.053125 0.028125
6 0.18359375 0.978125 0.2390625 0.01328125
6 0.15859375 0.6984375 0.1890625 0.0140625
6 0.15859375 0.784375 0.1890625 0.021875
3 0.5390625 0.4171875 0.2421875 0.02265625
6 0.38203125 0.6453125 0.55625 0.05625
6 0.178125 0.41796875 0.225 0.0140625
6 0.15390625 0.53828125 0.175 0.02109375
3 0.5390625 0.97734375 0.2421875 0.02265625
7 0.553125 0.77578125 0.2171875 0.0453125
3 0.53984375 0.69765625 0.24375 0.02265625
6 0.378125 0.38203125 0.5609375 0.02109375
3 0.88828125 0.6390625 0.053125 0.02890625
7 0.553125 0.5296875 0.2171875 0.04453125
3 0.8890625 0.39296875 0.05625 0.028125
6 0.165625 0.29296875 0.2015625 0.0203125
6 0.16484375 0.23046875 0.2015625 0.01328125
7 0.553125 0.28359375 0.2171875 0.04453125
3 0.5390625 0.2296875 0.2421875 0.02265625
6 0.390625 0.16015625 0.540625 0.08984375
3 0.88828125 0.1375 0.0578125 0.0296875
3 0.93984375 0.0703125 0.0515625 0.02421875
3 0.059375 0.0703125 0.05625 0.0265625
4 0.821875 0.921875 0.278125 0.15390625
4 0.821875 0.70390625 0.278125 0.21015625
4 0.821875 0.45859375 0.278125 0.21015625
4 0.82265625 0.209375 0.2796875 0.21640625