6 0.49921875 0.16953125 0.834375 0.0484375
6 0.49921875 0.23828125 0.909375 0.06796875
6 0.165625 0.4421875 0.2375 0.0484375
6 0.49765625 0.43828125 0.1046875 0.01953125
6 0.83203125 0.440625 0.25625 0.02421875
6 0.16640625 0.64375 0.084375 0.02109375
6 0.4984375 0.64453125 0.10625 0.0203125
6 0.834375 0.64765625 0.2171875 0.0484375
6 0.16640625 0.85390625 0.15 0.0484375
6 0.5 0.85078125 0.0921875 0.0203125
6 0.83203125 0.85078125 0.20625 0.0203125
7 0.49921875 0.9609375 0.9984375 0.0765625
3 0.89140625 0.09296875 0.0609375 0.03359375
4 0.16640625 0.34921875 0.2203125 0.12421875
4 0.49921875 0.34921875 0.221875 0.12421875
4 0.83203125 0.34921875 0.2203125 0.12421875
4 0.16640625 0.5546875 0.2203125 0.125
4 0.49921875 0.5546875 0.221875 0.125
4 0.83203125 0.5546875 0.2203125 0.125
4 0.165625 0.76171875 0.221875 0.125
4 0.49921875 0.76171875 0.221875 0.125
4 0.8328125 0.76171875 0.221875 0.125
4 0.16640625 0.9140625 0.2203125 0.0171875
4 0.49921875 0.9140625 0.221875 0.0171875
4 0.83203125 0.9140625 0.2203125 0.0171875