6 0.60234375 0.06953125 0.340625 0.01953125
6 0.4984375 0.78984375 0.38125 0.02109375
6 0.10078125 0.98984375 0.1078125 0.01875
6 0.3 0.9875 0.1546875 0.0140625
6 0.50078125 0.9875 0.059375 0.0140625
6 0.69921875 0.9875 0.0734375 0.0140625
6 0.89921875 0.9875 0.121875 0.0140625
3 0.90078125 0.95859375 0.059375 0.03359375
3 0.7 0.95859375 0.0421875 0.02890625
3 0.50078125 0.959375 0.059375 0.03359375
4 0.30078125 0.95859375 0.059375 0.034375
3 0.1015625 0.95859375 0.05 0.028125
4 0.50078125 0.87421875 0.8984375 0.0734375
4 0.5 0.51484375 0.896875 0.50703125
6 0.4953125 0.18046875 0.7625 0.07578125
3 0.10078125 0.07421875 0.0625 0.0359375
3 0.8953125 0.071875 0.065625 0.02265625
3 0.25703125 0.07109375 0.1453125 0.05078125
2 0.4953125 0.071875 0.64375 0.06171875