4 0.940625 0.07109375 0.046875 0.03046875
3 0.06796875 0.07109375 0.046875 0.0234375
6 0.49140625 0.0703125 0.3140625 0.015625
6 0.43125 0.16171875 0.7484375 0.0796875
6 0.53359375 0.2859375 0.671875 0.02421875
6 0.290625 0.365625 0.1921875 0.02109375
6 0.33046875 0.45234375 0.271875 0.02421875
6 0.29453125 0.53359375 0.1953125 0.0203125
6 0.284375 0.61953125 0.175 0.02578125
6 0.38203125 0.70078125 0.375 0.0203125
6 0.3921875 0.78671875 0.390625 0.02421875
6 0.42421875 0.8703125 0.4578125 0.02578125
6 0.29921875 0.953125 0.2046875 0.02578125