3 0.8984375 0.96015625 0.05 0.02890625
3 0.696875 0.96015625 0.05 0.02890625
3 0.49921875 0.96015625 0.0515625 0.02578125
3 0.29765625 0.96015625 0.04375 0.02578125
3 0.09921875 0.9609375 0.046875 0.0234375
6 0.2328125 0.9046875 0.384375 0.02578125
6 0.26875 0.828125 0.4578125 0.02578125
6 0.23515625 0.7515625 0.390625 0.02578125
6 0.190625 0.675 0.3015625 0.02578125
6 0.1875 0.59609375 0.2953125 0.0203125
6 0.221875 0.51953125 0.3609375 0.0203125
4 0.49921875 0.29453125 0.9984375 0.371875
6 0.2453125 0.071875 0.134375 0.0234375
3 0.06796875 0.07109375 0.0390625 0.02265625