6 0.5015625 0.11953125 0.359375 0.03125
6 0.30859375 0.440625 0.534375 0.03046875
6 0.2515625 0.53046875 0.35625 0.0125
6 0.27734375 0.68125 0.396875 0.05625
6 0.27578125 0.734375 0.39375 0.01953125
6 0.25390625 0.80703125 0.353125 0.0125
6 0.165625 0.98046875 0.0875 0.01171875
6 0.49921875 0.98046875 0.11875 0.01171875
6 0.8328125 0.98046875 0.090625 0.01171875
3 0.165625 0.95 0.0546875 0.0296875
3 0.49921875 0.94921875 0.0546875 0.02734375
3 0.8328125 0.95 0.034375 0.028125
4 0.609375 0.21640625 0.0546875 0.03046875
4 0.14609375 0.21640625 0.05625 0.03046875
4 0.14609375 0.32109375 0.05625 0.03046875
4 0.609375 0.32109375 0.0546875 0.02734375
7 0.2671875 0.21640625 0.440625 0.0890625
7 0.73125 0.2171875 0.440625 0.08984375
7 0.73125 0.32109375 0.440625 0.0875
7 0.2671875 0.32109375 0.440625 0.0875
4 0.49921875 0.63203125 0.921875 0.26640625
4 0.49921875 0.84921875 0.921875 0.146875