6 0.8578125 0.50078125 0.1546875 0.01484375
6 0.81875 0.43515625 0.2328125 0.01484375
6 0.378125 0.36875 0.171875 0.01484375
6 0.8484375 0.36953125 0.175 0.015625
2 0.5015625 0.50078125 0.921875 0.05546875
2 0.5015625 0.43515625 0.921875 0.05546875
2 0.73515625 0.36875 0.4515625 0.05546875
2 0.265625 0.36875 0.4515625 0.05546875
6 0.5015625 0.14609375 0.1171875 0.0484375
6 0.50078125 0.1984375 0.26875 0.01953125
6 0.5015625 0.30625 0.1390625 0.0203125
6 0.50078125 0.62265625 0.3328125 0.0203125
6 0.50390625 0.95703125 0.828125 0.03671875
7 0.5 0.73984375 0.921875 0.05625
7 0.740625 0.67421875 0.44375 0.05546875
7 0.28046875 0.67421875 0.4421875 0.05546875
7 0.5015625 0.565625 0.921875 0.05546875
4 0.503125 0.10078125 0.109375 0.0296875