4 0.49921875 0.96953125 0.9984375 0.05859375
6 0.34765625 0.071875 0.346875 0.02265625
6 0.24375 0.1453125 0.409375 0.015625
6 0.3734375 0.209375 0.2390625 0.02578125
6 0.38984375 0.23828125 0.2734375 0.0171875
6 0.5265625 0.30390625 0.421875 0.01875
6 0.384375 0.38828125 0.2609375 0.02421875
6 0.4125 0.4171875 0.3171875 0.01875
6 0.3828125 0.515625 0.2578125 0.02421875
6 0.36171875 0.54609375 0.215625 0.021875
6 0.3828125 0.64296875 0.2578125 0.02421875
6 0.4203125 0.67109375 0.334375 0.0171875
6 0.5265625 0.7375 0.4171875 0.0171875
6 0.40703125 0.821875 0.30625 0.02421875
6 0.4125 0.85 0.3171875 0.0171875
4 0.14375 0.83046875 0.0625 0.03359375
4 0.28515625 0.73828125 0.04375 0.021875
4 0.1453125 0.65390625 0.059375 0.034375
4 0.540625 0.63984375 0.03125 0.0265625
3 0.1453125 0.5265625 0.059375 0.03359375
3 0.146875 0.39921875 0.059375 0.034375
4 0.28203125 0.3046875 0.0421875 0.02265625
4 0.52421875 0.20625 0.028125 0.0265625
4 0.14609375 0.2203125 0.0609375 0.034375
3 0.93984375 0.0703125 0.0515625 0.028125
3 0.06796875 0.06953125 0.05 0.01953125