6 0.42265625 0.090625 0.1515625 0.015625
4 0.6 0.1015625 0.125 0.0703125
6 0.328125 0.115625 0.34375 0.0140625
6 0.5484375 0.20234375 0.1890625 0.01484375
6 0.54921875 0.259375 0.1875 0.01484375
6 0.48984375 0.31875 0.30625 0.01875
6 0.52421875 0.375 0.240625 0.0140625
6 0.5125 0.43203125 0.2609375 0.01484375
7 0.078125 0.3734375 0.0796875 0.0203125
7 0.078125 0.4890625 0.0796875 0.0203125
6 0.57421875 0.49140625 0.140625 0.0171875
6 0.5515625 0.55 0.184375 0.0171875
6 0.54765625 0.60546875 0.190625 0.015625
6 0.60859375 0.66484375 0.0703125 0.0171875
6 0.51640625 0.7234375 0.259375 0.0171875
6 0.5734375 0.7796875 0.1453125 0.01484375
3 0.3703125 0.37578125 0.028125 0.01640625
7 0.51015625 0.94921875 0.284375 0.05546875
7 0.19140625 0.95 0.2859375 0.05546875
1 0.3515625 0.515625 0.7 0.96640625