6 0.15703125 0.34921875 0.209375 0.0234375
6 0.0890625 0.24765625 0.078125 0.015625
6 0.921875 0.0734375 0.075 0.021875
3 0.81953125 0.07109375 0.0609375 0.03359375
3 0.06875 0.07109375 0.040625 0.02265625
6 0.24296875 0.07421875 0.134375 0.0265625
6 0.49765625 0.15703125 0.484375 0.0265625
2 0.4984375 0.25546875 0.903125 0.03125
3 0.9015625 0.35 0.053125 0.0265625
2 0.5 0.3546875 0.903125 0.03671875
7 0.49921875 0.434375 0.9234375 0.059375
6 0.50078125 0.4921875 0.409375 0.0234375
6 0.50078125 0.546875 0.0375 0.015625
7 0.5 0.6109375 0.921875 0.05859375
6 0.49921875 0.6609375 0.8484375 0.01953125
6 0.49765625 0.6953125 0.28125 0.02265625
7 0.5 0.78046875 0.921875 0.059375