6 0.78984375 0.07578125 0.165625 0.01640625
6 0.078125 0.90546875 0.0890625 0.02421875
6 0.078125 0.50859375 0.0890625 0.02578125
6 0.115625 0.9390625 0.16875 0.01953125
6 0.11328125 0.54296875 0.165625 0.01875
6 0.19375 0.975 0.3265625 0.02578125
6 0.703125 0.9578125 0.5296875 0.0546875
6 0.80859375 0.9078125 0.3203125 0.02265625
4 0.50078125 0.7515625 0.9984375 0.25390625
6 0.20546875 0.578125 0.346875 0.02578125
6 0.703125 0.56171875 0.5296875 0.0546875
6 0.8328125 0.5109375 0.271875 0.02578125
4 0.50078125 0.35703125 0.9984375 0.24765625
6 0.809375 0.20703125 0.3328125 0.02109375
3 0.0640625 0.07578125 0.05625 0.02890625
7 0.09921875 0.14921875 0.1515625 0.0546875
7 0.34921875 0.14921875 0.3015625 0.0546875
7 0.74921875 0.14921875 0.4515625 0.0546875
3 0.928125 0.07578125 0.0359375 0.0203125
2 0.565625 0.07578125 0.81875 0.05703125