6 0.4203125 0.07421875 0.1234375 0.021875
3 0.89921875 0.96015625 0.046875 0.0234375
3 0.70234375 0.96015625 0.04375 0.02421875
3 0.50078125 0.9609375 0.0515625 0.02578125
3 0.303125 0.96015625 0.05 0.02890625
3 0.10078125 0.9609375 0.0515625 0.028125
6 0.37265625 0.90234375 0.215625 0.01953125
6 0.8515625 0.85703125 0.2203125 0.01953125
6 0.853125 0.82890625 0.2203125 0.0171875
6 0.3390625 0.87578125 0.284375 0.021875
4 0.26015625 0.68046875 0.44375 0.32578125
4 0.740625 0.61953125 0.4421875 0.3546875
6 0.8171875 0.38828125 0.2875 0.01875
6 0.75859375 0.36171875 0.403125 0.021875
6 0.346875 0.46328125 0.26875 0.01953125
6 0.3640625 0.43515625 0.2359375 0.01640625
4 0.2609375 0.2796875 0.4421875 0.2484375
6 0.396875 0.10078125 0.171875 0.01953125
4 0.740625 0.18046875 0.44375 0.296875