4 0.83984375 0.88984375 0.24375 0.0890625
6 0.365625 0.88671875 0.609375 0.06640625
6 0.66171875 0.75703125 0.3453125 0.05625
6 0.5578125 0.67109375 0.7515625 0.06484375
4 0.50078125 0.46328125 0.921875 0.26015625
3 0.26484375 0.59296875 0.1171875 0.06640625
3 0.1328125 0.59375 0.11875 0.065625
6 0.5296875 0.14375 0.44375 0.0578125
6 0.7140625 0.2828125 0.4921875 0.03359375
6 0.5828125 0.0609375 0.3515625 0.03046875
3 0.9 0.96640625 0.05 0.028125
3 0.7 0.96640625 0.05 0.02890625
3 0.50078125 0.965625 0.0515625 0.02578125
3 0.30078125 0.96640625 0.040625 0.02890625
3 0.10078125 0.96640625 0.0125 0.02265625
4 0.88046875 0.08984375 0.1421875 0.11328125