6 0.1890625 0.07421875 0.2953125 0.028125
6 0.165625 0.153125 0.184375 0.02109375
6 0.49921875 0.15234375 0.1984375 0.02109375
6 0.83359375 0.15 0.175 0.01875
6 0.4984375 0.56328125 0.759375 0.028125
6 0.49921875 0.62421875 0.796875 0.05390625
6 0.9 0.98359375 0.0703125 0.0125
6 0.69921875 0.98359375 0.1484375 0.01328125
6 0.49921875 0.984375 0.115625 0.015625
6 0.30078125 0.984375 0.084375 0.01640625
6 0.10078125 0.98359375 0.0875 0.0125
3 0.89921875 0.95078125 0.0578125 0.0234375
4 0.69921875 0.95 0.065625 0.0296875
3 0.49921875 0.94921875 0.0578125 0.0328125
4 0.29921875 0.9515625 0.05625 0.0328125
3 0.1 0.95078125 0.059375 0.03359375
4 0.52421875 0.3890625 0.4484375 0.2203125