6 0.78984375 0.07578125 0.165625 0.01640625
6 0.1078125 0.91015625 0.1515625 0.02578125
6 0.128125 0.9453125 0.19375 0.01953125
6 0.5 0.98046875 0.9390625 0.02578125
6 0.68125 0.94609375 0.5796875 0.02109375
6 0.8375 0.9109375 0.2640625 0.0203125
6 0.128125 0.5484375 0.19375 0.01875
6 0.49921875 0.58359375 0.9375 0.02578125
6 0.6796875 0.55078125 0.5796875 0.02109375
6 0.50078125 0.515625 0.9375 0.02734375
4 0.50078125 0.75703125 0.9984375 0.253125
4 0.5015625 0.3609375 0.996875 0.253125
6 0.80703125 0.20703125 0.3359375 0.02109375
3 0.0640625 0.07578125 0.05625 0.02890625
7 0.34921875 0.14921875 0.3015625 0.0546875
7 0.1 0.14921875 0.153125 0.05546875
7 0.74921875 0.14921875 0.4515625 0.0546875
3 0.928125 0.07578125 0.0359375 0.0203125
2 0.56640625 0.07578125 0.8203125 0.05703125