6 0.0671875 0.05859375 0.059375 0.03671875
6 0.24765625 0.12890625 0.121875 0.01875
3 0.5875 0.059375 0.04375 0.02578125
3 0.7046875 0.059375 0.059375 0.03359375
3 0.821875 0.059375 0.0546875 0.03046875
3 0.94453125 0.0609375 0.0453125 0.02578125
6 0.75 0.12890625 0.2953125 0.01875
4 0.4984375 0.28359375 0.9609375 0.240625
6 0.15234375 0.42265625 0.2125 0.015625
6 0.23515625 0.4546875 0.3828125 0.0203125
4 0.49921875 0.6265625 0.9625 0.2453125
4 0.4984375 0.92421875 0.9609375 0.15
6 0.153125 0.76875 0.2109375 0.015625
6 0.2546875 0.80078125 0.41875 0.0203125