6 0.2109375 0.06953125 0.134375 0.02265625
6 0.34296875 0.171875 0.3203125 0.0296875
6 0.13828125 0.29765625 0.1234375 0.015625
6 0.2421875 0.32890625 0.3375 0.02421875
6 0.10078125 0.41015625 0.1234375 0.01484375
6 0.10078125 0.4515625 0.1328125 0.02265625
6 0.07265625 0.60078125 0.0765625 0.01484375
6 0.153125 0.67265625 0.153125 0.0265625
6 0.12734375 0.78203125 0.1078125 0.0265625
7 0.26015625 0.9421875 0.4578125 0.06328125
7 0.73671875 0.9421875 0.4578125 0.0609375
3 0.928125 0.50234375 0.0609375 0.03359375
3 0.89375 0.31328125 0.0265625 0.02421875
3 0.9078125 0.1671875 0.0265625 0.0203125
3 0.11015625 0.16796875 0.090625 0.0484375
3 0.06640625 0.07109375 0.046875 0.01953125