6 0.25234375 0.071875 0.3546875 0.01484375
6 0.27578125 0.22109375 0.396875 0.05546875
6 0.290625 0.275 0.421875 0.01875
6 0.25390625 0.34921875 0.353125 0.0125
6 0.27734375 0.49765625 0.396875 0.05625
6 0.290625 0.55078125 0.421875 0.01875
6 0.25390625 0.625 0.353125 0.0125
6 0.27734375 0.77421875 0.396875 0.05703125
6 0.29921875 0.828125 0.440625 0.01953125
6 0.25390625 0.90078125 0.353125 0.0125
6 0.16640625 0.98046875 0.0890625 0.01171875
6 0.49921875 0.98046875 0.11875 0.01171875
6 0.8328125 0.98046875 0.090625 0.01171875
3 0.165625 0.95 0.0546875 0.03125
3 0.49921875 0.95 0.0546875 0.028125
3 0.83203125 0.95 0.0359375 0.028125
4 0.49921875 0.1734375 0.9234375 0.26640625
4 0.49921875 0.44921875 0.9234375 0.26640625
4 0.49921875 0.7265625 0.921875 0.26640625
4 0.49921875 0.89609375 0.9234375 0.05390625