7 0.890625 0.06328125 0.196875 0.03125
4 0.4984375 0.065625 0.25625 0.034375
3 0.053125 0.0640625 0.059375 0.03359375
4 0.74375 0.88125 0.465625 0.2375
4 0.25703125 0.88125 0.4640625 0.2375
6 0.14765625 0.721875 0.221875 0.02578125
4 0.25703125 0.56796875 0.4640625 0.26171875
6 0.634375 0.71953125 0.2125 0.0203125
4 0.74375 0.56796875 0.465625 0.26171875
6 0.60390625 0.396875 0.153125 0.02265625
4 0.74375 0.24140625 0.465625 0.26171875
6 0.1078125 0.39375 0.146875 0.0203125
4 0.25703125 0.24140625 0.4640625 0.26171875