6 0.58125 0.0609375 0.484375 0.0265625
6 0.5109375 0.0890625 0.63125 0.0171875
6 0.8359375 0.1578125 0.0703125 0.0125
6 0.4953125 0.15703125 0.0828125 0.0125
6 0.16171875 0.15703125 0.05625 0.0125
6 0.67265625 0.21875 0.3328125 0.021875
6 0.5765625 0.25546875 0.521875 0.01953125
6 0.63515625 0.61328125 0.6078125 0.03046875
6 0.75390625 0.6578125 0.371875 0.021875
6 0.16484375 0.653125 0.1515625 0.0265625
4 0.5015625 0.88515625 0.9609375 0.2296875
7 0.565625 0.71484375 0.2890625 0.04765625
3 0.8453125 0.715625 0.1875 0.0171875
4 0.5 0.43671875 0.9609375 0.2734375
3 0.9328125 0.07109375 0.040625 0.0234375
3 0.221875 0.05859375 0.0359375 0.0203125
3 0.05546875 0.06875 0.0140625 0.02578125
4 0.49609375 0.13203125 0.05 0.028125
3 0.834375 0.134375 0.05625 0.0265625
3 0.1609375 0.13203125 0.046875 0.02734375
4 0.90078125 0.234375 0.04375 0.040625