6 0.83046875 0.10390625 0.2203125 0.03515625
6 0.53203125 0.165625 0.821875 0.0578125
4 0.63359375 0.41796875 0.596875 0.36875
3 0.8984375 0.95234375 0.053125 0.0328125
3 0.7015625 0.95234375 0.0609375 0.0296875
4 0.5015625 0.95234375 0.053125 0.03359375
3 0.30390625 0.95234375 0.0546875 0.03125
3 0.10546875 0.95234375 0.0609375 0.034375
6 0.8984375 0.98046875 0.1171875 0.0125
6 0.70078125 0.98046875 0.0875 0.0125
6 0.5015625 0.98046875 0.071875 0.0125
6 0.303125 0.98046875 0.0828125 0.0125
6 0.10390625 0.98046875 0.103125 0.0125