6 0.9015625 0.059375 0.1453125 0.0125
6 0.5 0.18359375 0.5703125 0.02109375
6 0.4984375 0.22421875 0.609375 0.0203125
6 0.61796875 0.54296875 0.13125 0.01953125
6 0.13203125 0.54296875 0.13125 0.01953125
6 0.61875 0.82890625 0.1328125 0.01953125
6 0.13828125 0.82890625 0.146875 0.01953125
4 0.25390625 0.93515625 0.3859375 0.12734375
4 0.74140625 0.93671875 0.38125 0.125
4 0.740625 0.69375 0.384375 0.2171875
4 0.2546875 0.69453125 0.384375 0.2171875
4 0.740625 0.4078125 0.3796875 0.21328125
4 0.2546875 0.4078125 0.3796875 0.2140625
4 0.49765625 0.10625 0.1765625 0.06796875
7 0.365625 0.54140625 0.159375 0.03046875
7 0.85078125 0.54140625 0.159375 0.03046875
7 0.365625 0.82890625 0.159375 0.0296875
7 0.85078125 0.828125 0.159375 0.0296875