6 0.8484375 0.3375 0.1609375 0.015625
6 0.88359375 0.21640625 0.0890625 0.01640625
3 0.94921875 0.07421875 0.0265625 0.02578125
6 0.50078125 0.07578125 0.1265625 0.02265625
6 0.85078125 0.0765625 0.1515625 0.021875
6 0.9171875 0.16875 0.084375 0.015625
6 0.88359375 0.28984375 0.153125 0.015625
6 0.5 0.50546875 0.3859375 0.01953125
3 0.09765625 0.33671875 0.0578125 0.02109375
2 0.5015625 0.3375 0.921875 0.06171875
2 0.5015625 0.21640625 0.921875 0.06171875
7 0.5015625 0.43046875 0.921875 0.06171875