7 0.109375 0.06328125 0.196875 0.03125
4 0.5015625 0.065625 0.25625 0.034375
3 0.946875 0.0640625 0.059375 0.03359375
4 0.25625 0.878125 0.465625 0.2421875
4 0.74375 0.87890625 0.4625 0.24140625
6 0.909375 0.7140625 0.103125 0.0203125
4 0.74296875 0.56171875 0.4640625 0.26171875
6 0.3921875 0.71640625 0.165625 0.02578125
4 0.25625 0.56171875 0.465625 0.2609375
6 0.3765625 0.3890625 0.1921875 0.01953125
4 0.25625 0.23671875 0.465625 0.26171875
6 0.87734375 0.38828125 0.16875 0.0203125
4 0.74296875 0.23671875 0.4640625 0.26171875