6 0.5 0.075 0.2453125 0.0328125
6 0.83203125 0.22734375 0.175 0.01328125
6 0.503125 0.2265625 0.128125 0.01328125
6 0.7640625 0.30859375 0.2359375 0.02265625
6 0.80546875 0.396875 0.1546875 0.02265625
6 0.775 0.484375 0.2171875 0.01875
6 0.7640625 0.5734375 0.2359375 0.02265625
6 0.80546875 0.6625 0.1546875 0.02265625
6 0.77421875 0.7484375 0.2171875 0.0171875
6 0.790625 0.82265625 0.209375 0.02109375
6 0.140625 0.821875 0.125 0.01640625
6 0.80078125 0.88515625 0.16875 0.0171875
6 0.7765625 0.91328125 0.209375 0.021875
6 0.315625 0.88515625 0.134375 0.01484375
6 0.2875 0.9140625 0.1640625 0.01953125
3 0.08046875 0.06953125 0.053125 0.021875
4 0.25078125 0.14296875 0.0625 0.02421875
4 0.7546875 0.14375 0.0546875 0.028125
4 0.93828125 0.3078125 0.040625 0.0203125
4 0.9390625 0.39453125 0.0390625 0.021875
3 0.9375 0.48359375 0.0359375 0.0234375
4 0.93984375 0.57265625 0.040625 0.0203125
4 0.9390625 0.66015625 0.0390625 0.021875
3 0.93828125 0.7484375 0.0375 0.0234375
3 0.91171875 0.82109375 0.01875 0.0125
3 0.934375 0.9109375 0.04375 0.02578125
4 0.4328125 0.91015625 0.0515625 0.02734375
7 0.165625 0.2265625 0.2296875 0.0375