3 0.06875 0.07109375 0.0328125 0.01875
3 0.10859375 0.153125 0.0609375 0.03359375
6 0.33671875 0.153125 0.1234375 0.01640625
6 0.515625 0.071875 0.20625 0.03671875
4 0.39296875 0.06640625 0.021875 0.03046875
3 0.10859375 0.240625 0.0359375 0.028125
6 0.415625 0.2421875 0.278125 0.021875
3 0.1078125 0.328125 0.0484375 0.03125
6 0.47265625 0.32890625 0.390625 0.02109375
4 0.103125 0.41484375 0.046875 0.0296875
4 0.10859375 0.50234375 0.028125 0.03671875
4 0.10859375 0.58984375 0.028125 0.03671875
6 0.440625 0.4171875 0.33125 0.0203125
6 0.4703125 0.503125 0.3921875 0.0171875
6 0.3859375 0.5921875 0.2171875 0.02109375
6 0.4796875 0.6796875 0.4046875 0.0203125
4 0.1078125 0.678125 0.0484375 0.02890625
4 0.08828125 0.9609375 0.059375 0.034375
3 0.44140625 0.96171875 0.028125 0.00859375
6 0.21328125 0.9640625 0.1484375 0.0234375
3 0.9203125 0.9609375 0.0265625 0.009375
6 0.715625 0.96328125 0.1953125 0.01953125
3 0.5671875 0.9609375 0.059375 0.034375