6 0.796875 0.07109375 0.365625 0.02421875
6 0.49921875 0.24921875 0.328125 0.02109375
6 0.4984375 0.52578125 0.6859375 0.021875
6 0.4984375 0.80234375 0.378125 0.021875
6 0.91640625 0.9828125 0.0671875 0.01328125
6 0.74921875 0.984375 0.096875 0.015625
6 0.5828125 0.9828125 0.0875 0.01328125
6 0.41640625 0.9828125 0.0703125 0.0125
6 0.25 0.984375 0.1140625 0.01484375
6 0.084375 0.9828125 0.0375 0.0125
3 0.084375 0.94453125 0.0578125 0.03359375
3 0.25078125 0.94453125 0.0546875 0.03359375
3 0.41875 0.9453125 0.0671875 0.03046875
4 0.584375 0.94453125 0.06875 0.04140625
3 0.7515625 0.94453125 0.059375 0.03046875
3 0.91640625 0.94453125 0.0640625 0.03046875
3 0.109375 0.85703125 0.1375 0.07734375
3 0.06015625 0.07109375 0.059375 0.03359375
4 0.50078125 0.24921875 0.9984375 0.2734375
4 0.50078125 0.525 0.9984375 0.2734375
4 0.50078125 0.790625 0.9984375 0.25234375