6 0.13203125 0.9421875 0.1859375 0.01875
6 0.07421875 0.8765625 0.065625 0.01875
6 0.15625 0.8125 0.234375 0.021875
6 0.1796875 0.74453125 0.284375 0.0171875
6 0.1875 0.67890625 0.2953125 0.0171875
6 0.1546875 0.61484375 0.2328125 0.02265625
6 0.15078125 0.55 0.2265625 0.021875
3 0.06796875 0.45859375 0.0609375 0.034375
4 0.06796875 0.39375 0.053125 0.03046875
3 0.0671875 0.32734375 0.059375 0.034375
3 0.06875 0.2625 0.059375 0.03359375
6 0.22578125 0.2625 0.0984375 0.01640625
6 0.265625 0.33046875 0.1828125 0.021875
6 0.26171875 0.39296875 0.1734375 0.01875
4 0.1265625 0.090625 0.178125 0.1
6 0.259375 0.459375 0.1703125 0.01875
1 0.340625 0.515625 0.68125 0.96640625