4 0.159375 0.97578125 0.2453125 0.04765625
4 0.159375 0.83359375 0.2453125 0.13671875
4 0.159375 0.64765625 0.2453125 0.13671875
4 0.159375 0.4609375 0.2453125 0.13828125
4 0.159375 0.27421875 0.2453125 0.13828125
3 0.065625 0.06953125 0.040625 0.01875
7 0.1328125 0.1421875 0.190625 0.0453125
7 0.39296875 0.14296875 0.25625 0.04453125
6 0.34375 0.071875 0.340625 0.0265625
7 0.71640625 0.14296875 0.3140625 0.04453125
3 0.940625 0.071875 0.0421875 0.0265625
7 0.9546875 0.14140625 0.0875 0.0453125
6 0.6109375 0.2265625 0.5609375 0.0234375
3 0.940625 0.34296875 0.0515625 0.0265625
6 0.546875 0.27421875 0.4328125 0.0203125
6 0.5765625 0.31171875 0.4890625 0.01640625
6 0.534375 0.415625 0.4015625 0.0296875
6 0.528125 0.46015625 0.390625 0.0203125
6 0.47578125 0.5 0.290625 0.0203125
3 0.940625 0.5296875 0.0515625 0.02578125
6 0.640625 0.62109375 0.6171875 0.06796875
3 0.93984375 0.71640625 0.0515625 0.02578125
6 0.64296875 0.690625 0.628125 0.0203125
6 0.54453125 0.73046875 0.425 0.0203125
6 0.61875 0.8109375 0.5796875 0.0734375
6 0.6421875 0.87734375 0.621875 0.0203125
6 0.48359375 0.9171875 0.303125 0.01953125
3 0.940625 0.90234375 0.0515625 0.02578125
6 0.62109375 0.97578125 0.584375 0.0296875