3 0.86640625 0.93203125 0.159375 0.08984375
4 0.4984375 0.95859375 0.921875 0.08203125
6 0.23203125 0.87734375 0.3859375 0.0203125
6 0.40078125 0.82265625 0.7234375 0.05390625
4 0.49921875 0.64609375 0.9234375 0.27421875
6 0.23359375 0.46796875 0.3859375 0.0203125
6 0.49921875 0.43203125 0.921875 0.0265625
4 0.4984375 0.26875 0.921875 0.27421875
3 0.92421875 0.06953125 0.046875 0.0265625
3 0.81796875 0.07109375 0.053125 0.02890625
6 0.49921875 0.06875 0.3046875 0.021875
4 0.06796875 0.07109375 0.0609375 0.034375