6 0.3375 0.07890625 0.3171875 0.02734375
3 0.8984375 0.9609375 0.05 0.028125
3 0.696875 0.96015625 0.0515625 0.02890625
3 0.49921875 0.96015625 0.0515625 0.0265625
3 0.29765625 0.959375 0.04375 0.02421875
3 0.09921875 0.96015625 0.046875 0.0234375
4 0.115625 0.18515625 0.1578125 0.0890625
4 0.11640625 0.31640625 0.15625 0.0875
4 0.115625 0.4484375 0.1578125 0.0890625
4 0.115625 0.57890625 0.1578125 0.0890625
4 0.115625 0.71015625 0.1578125 0.0890625
4 0.11640625 0.8421875 0.15625 0.0890625
6 0.3859375 0.84296875 0.3 0.02421875
6 0.3265625 0.7109375 0.1859375 0.02578125
6 0.39609375 0.5796875 0.31875 0.02421875
6 0.32890625 0.4484375 0.1921875 0.02421875
6 0.340625 0.3171875 0.215625 0.02421875
6 0.303125 0.1859375 0.134375 0.02578125
3 0.115625 0.07578125 0.0453125 0.0265625
2 0.5 0.07578125 0.921875 0.065625