6 0.32578125 0.453125 0.353125 0.0171875
6 0.271875 0.3421875 0.240625 0.0171875
6 0.3359375 0.2359375 0.4390625 0.0265625
6 0.225 0.29453125 0.2140625 0.015625
6 0.1921875 0.40546875 0.1484375 0.015625
6 0.425 0.5078125 0.6171875 0.01953125
6 0.428125 0.72265625 0.621875 0.02265625
3 0.8296875 0.4546875 0.0515625 0.01484375
3 0.128125 0.1578125 0.0296875 0.03125
3 0.078125 0.06640625 0.0421875 0.02265625
3 0.165625 0.065625 0.0296875 0.01953125
3 0.828125 0.065625 0.0359375 0.0234375
3 0.921875 0.06484375 0.009375 0.021875
2 0.49921875 0.34296875 0.76875 0.06171875
2 0.50078125 0.45390625 0.76875 0.0609375
7 0.50078125 0.95078125 0.76875 0.06171875
7 0.50078125 0.86875 0.76875 0.06171875
7 0.50078125 0.78671875 0.76875 0.06171875
7 0.5 0.5921875 0.7703125 0.06171875
4 0.5 0.16328125 0.25 0.04375