6 0.378125 0.5578125 0.23125 0.01875
6 0.42890625 0.58984375 0.1296875 0.01484375
6 0.3140625 0.62109375 0.3609375 0.01953125
6 0.42421875 0.64921875 0.14375 0.0171875
6 0.884375 0.58984375 0.13125 0.015625
6 0.771875 0.62109375 0.365625 0.01953125
6 0.884375 0.64921875 0.134375 0.0171875
6 0.25 0.14140625 0.2953125 0.01875
6 0.75234375 0.14140625 0.121875 0.01875
3 0.67890625 0.2796875 0.0453125 0.02421875
3 0.22109375 0.28046875 0.04375 0.02421875
6 0.165625 0.2796875 0.0421875 0.01484375
6 0.621875 0.2796875 0.0421875 0.01484375
6 0.790625 0.20546875 0.31875 0.01953125
6 0.32109375 0.68125 0.35 0.015625
4 0.30390625 0.43046875 0.33125 0.175
4 0.50078125 0.8921875 0.5875 0.215625
6 0.8265625 0.68125 0.253125 0.01640625
4 0.7546875 0.43046875 0.1765625 0.16796875
3 0.05625 0.07265625 0.04375 0.02421875
3 0.178125 0.07109375 0.0546875 0.03046875
3 0.2953125 0.07109375 0.059375 0.03359375
3 0.4125 0.07109375 0.04375 0.0234375
6 0.9328125 0.07109375 0.0578125 0.03515625