6 0.50078125 0.85078125 0.684375 0.01953125
6 0.5 0.81171875 0.4640625 0.01953125
4 0.5015625 0.18203125 0.246875 0.13984375
3 0.06015625 0.07109375 0.046875 0.02421875
3 0.178125 0.06953125 0.046875 0.0296875
6 0.753125 0.071875 0.140625 0.0203125
3 0.93203125 0.071875 0.0421875 0.02265625
6 0.72578125 0.42734375 0.2625 0.01875
7 0.5015625 0.690625 0.734375 0.0625
6 0.421875 0.5578125 0.153125 0.015625
6 0.79609375 0.61328125 0.1390625 0.0203125
6 0.78046875 0.5578125 0.175 0.01640625
6 0.75546875 0.4984375 0.221875 0.02109375
6 0.5 0.34453125 0.4359375 0.01875
3 0.14375 0.31484375 0.034375 0.01953125
2 0.50078125 0.42890625 0.715625 0.04140625
5 0.5015625 0.515625 0.85 0.478125