6 0.61484375 0.16640625 0.4875 0.02578125
6 0.7640625 0.071875 0.1203125 0.01953125
6 0.77265625 0.25859375 0.4015625 0.02734375
6 0.096875 0.259375 0.1390625 0.01640625
6 0.84609375 0.49609375 0.209375 0.021875
6 0.42890625 0.49609375 0.2609375 0.021875
6 0.0859375 0.49609375 0.1703125 0.04765625
6 0.71328125 0.575 0.5046875 0.0234375
6 0.91484375 0.79921875 0.11875 0.01953125
6 0.12578125 0.7984375 0.11875 0.01953125
6 0.09296875 0.85546875 0.184375 0.05390625
6 0.59453125 0.83984375 0.753125 0.02265625
6 0.803125 0.9453125 0.3390625 0.02890625
3 0.93203125 0.07109375 0.046875 0.01953125
3 0.059375 0.071875 0.046875 0.0265625
3 0.91484375 0.16484375 0.04375 0.02421875
4 0.7921875 0.36953125 0.365625 0.1546875
4 0.403125 0.36875 0.3671875 0.15390625
4 0.0984375 0.36953125 0.19375 0.1546875
4 0.59609375 0.68203125 0.75625 0.159375
4 0.09453125 0.68203125 0.184375 0.159375
4 0.79296875 0.98515625 0.3671875 0.028125
4 0.403125 0.984375 0.3671875 0.02890625
4 0.0984375 0.98515625 0.19375 0.028125
2 0.50078125 0.16484375 0.9515625 0.0703125