6 0.09375 0.9046875 0.0875 0.021875
6 0.0984375 0.81875 0.096875 0.0171875
6 0.11171875 0.7375 0.1265625 0.021875
6 0.14921875 0.6515625 0.1984375 0.0171875
6 0.1359375 0.5703125 0.171875 0.021875
6 0.103125 0.484375 0.109375 0.0171875
6 0.125 0.40078125 0.146875 0.01640625
6 0.12734375 0.3171875 0.1546875 0.01640625
6 0.15234375 0.23359375 0.2078125 0.0171875
6 0.0703125 0.15 0.046875 0.0171875
3 0.95078125 0.07109375 0.0125 0.0234375
3 0.85234375 0.07109375 0.0546875 0.03046875
3 0.73515625 0.07109375 0.059375 0.03359375
3 0.61796875 0.0703125 0.04375 0.02421875
6 0.2734375 0.07265625 0.1953125 0.0265625
3 0.06796875 0.07109375 0.0390625 0.021875