6 0.6703125 0.0734375 0.309375 0.02734375
6 0.2515625 0.1421875 0.2890625 0.0171875
6 0.75 0.1421875 0.0953125 0.0171875
6 0.5 0.6453125 0.4453125 0.03046875
6 0.4984375 0.97734375 0.2109375 0.0171875
3 0.9078125 0.959375 0.0484375 0.02421875
3 0.7203125 0.96015625 0.0515625 0.0265625
3 0.4921875 0.9515625 0.059375 0.0296875
3 0.2796875 0.96015625 0.0515625 0.02890625
3 0.1 0.9578125 0.046875 0.0265625
3 0.93203125 0.07109375 0.05 0.028125
3 0.059375 0.0703125 0.0453125 0.02421875
4 0.5 0.51171875 0.25 0.175
7 0.50078125 0.71640625 0.234375 0.05078125