6 0.30390625 0.134375 0.13125 0.0234375
6 0.165625 0.29765625 0.1078125 0.01484375
6 0.49765625 0.2984375 0.1328125 0.015625
6 0.83125 0.3 0.1328125 0.01953125
6 0.2625 0.378125 0.171875 0.01953125
6 0.2703125 0.459375 0.1875 0.02421875
6 0.29765625 0.53671875 0.24375 0.0203125
6 0.29140625 0.628125 0.23125 0.01953125
6 0.3078125 0.72109375 0.2625 0.02265625
6 0.2625 0.80078125 0.171875 0.02421875
6 0.278125 0.878125 0.2046875 0.01875
3 0.89921875 0.96171875 0.046875 0.02890625
3 0.7109375 0.95625 0.075 0.03984375
3 0.4984375 0.9625 0.05625 0.0328125
3 0.3 0.96328125 0.0609375 0.0265625
3 0.10078125 0.96015625 0.0546875 0.02890625
3 0.0671875 0.87734375 0.0515625 0.02890625
3 0.0671875 0.79765625 0.0515625 0.02265625
3 0.0671875 0.71875 0.0375 0.02890625
4 0.06796875 0.628125 0.0390625 0.02578125
3 0.06875 0.5375 0.040625 0.028125
3 0.0671875 0.45703125 0.046875 0.0265625
3 0.06796875 0.378125 0.05 0.0265625
3 0.40390625 0.1328125 0.0203125 0.0171875
3 0.940625 0.07109375 0.0484375 0.02890625
3 0.06875 0.07109375 0.040625 0.02265625
7 0.3734375 0.1828125 0.271875 0.05
6 0.165625 0.265625 0.028125 0.0234375
6 0.4984375 0.265625 0.028125 0.02265625
6 0.83203125 0.265625 0.028125 0.02265625
3 0.1234375 0.1625 0.171875 0.096875