6 0.69765625 0.50546875 0.321875 0.06328125
6 0.2421875 0.50546875 0.36875 0.06328125
4 0.259375 0.35703125 0.44375 0.196875
4 0.7390625 0.35703125 0.4421875 0.19609375
6 0.49921875 0.21953125 0.39375 0.01953125
6 0.09609375 0.1515625 0.128125 0.01953125
6 0.309375 0.15 0.1734375 0.02109375
6 0.096875 0.0734375 0.1171875 0.03359375
4 0.259375 0.67421875 0.4421875 0.19609375
4 0.7390625 0.675 0.4421875 0.196875
6 0.2484375 0.80625 0.38125 0.0296875
6 0.703125 0.8265625 0.33125 0.06953125
3 0.896875 0.94921875 0.0546875 0.0296875
3 0.6984375 0.94921875 0.05 0.0296875
3 0.49921875 0.95 0.0515625 0.028125
3 0.1 0.95 0.05 0.028125
6 0.09921875 0.978125 0.0875 0.0140625
4 0.259375 0.90859375 0.4421875 0.028125
3 0.29921875 0.95 0.0515625 0.02578125
6 0.3 0.978125 0.1359375 0.0140625
6 0.49765625 0.97734375 0.1046875 0.01484375
4 0.7390625 0.90859375 0.4421875 0.028125
6 0.69765625 0.978125 0.0546875 0.0140625
6 0.8984375 0.978125 0.0640625 0.0140625