6 0.81953125 0.1828125 0.0390625 0.034375
6 0.5015625 0.1828125 0.0390625 0.034375
6 0.184375 0.1828125 0.040625 0.034375
6 0.853125 0.071875 0.24375 0.0234375
6 0.74609375 0.359375 0.396875 0.0359375
6 0.7921875 0.4484375 0.2578125 0.02265625
6 0.8015625 0.5265625 0.2359375 0.02265625
6 0.7859375 0.60390625 0.2671875 0.02265625
6 0.7953125 0.68046875 0.2484375 0.01953125
6 0.7796875 0.75859375 0.2796875 0.01875
6 0.7921875 0.8359375 0.2546875 0.0171875
6 0.91796875 0.9828125 0.0671875 0.0125
6 0.74921875 0.984375 0.096875 0.015625
6 0.58359375 0.9828125 0.0859375 0.0125
6 0.415625 0.9828125 0.06875 0.0125
6 0.24921875 0.984375 0.1125 0.01484375
6 0.084375 0.9828125 0.0375 0.0125
6 0.81796875 0.2265625 0.109375 0.01875
6 0.5015625 0.2265625 0.109375 0.01875
6 0.184375 0.228125 0.1578125 0.02109375
3 0.1765625 0.07109375 0.040625 0.03125
3 0.059375 0.07109375 0.034375 0.0234375
4 0.50234375 0.1953125 0.9515625 0.14609375
3 0.125 0.4453125 0.0421875 0.0453125
3 0.125 0.52265625 0.0421875 0.04453125
3 0.125 0.60078125 0.0421875 0.04453125
3 0.125 0.67890625 0.0421875 0.04453125
3 0.125 0.7578125 0.0421875 0.04453125
3 0.1078125 0.85703125 0.1375 0.0765625
3 0.084375 0.94453125 0.059375 0.03359375
3 0.25078125 0.94453125 0.0546875 0.0328125
3 0.41796875 0.94453125 0.0671875 0.0296875
4 0.584375 0.94453125 0.0671875 0.040625
3 0.7515625 0.94375 0.059375 0.0296875
3 0.9171875 0.94453125 0.0625 0.03046875