6 0.78046875 0.0796875 0.1671875 0.03046875
6 0.809375 0.15546875 0.096875 0.01953125
6 0.6796875 0.1765625 0.3578125 0.01328125
6 0.81171875 0.21953125 0.090625 0.015625
6 0.73828125 0.24140625 0.240625 0.01328125
6 0.775 0.28515625 0.1671875 0.015625
6 0.7203125 0.30859375 0.2765625 0.015625
6 0.796875 0.35234375 0.1234375 0.01875
6 0.7015625 0.37421875 0.3140625 0.015625
6 0.6484375 0.41796875 0.4109375 0.01875
6 0.6703125 0.43984375 0.3625 0.015625
6 0.76953125 0.48359375 0.175 0.01953125
6 0.70859375 0.50546875 0.296875 0.015625
6 0.76640625 0.54921875 0.184375 0.01953125
6 0.65390625 0.57109375 0.409375 0.015625
6 0.740625 0.61484375 0.234375 0.0171875
6 0.60625 0.63671875 0.5046875 0.015625
6 0.89296875 0.7140625 0.1359375 0.021875
6 0.8796875 0.77734375 0.159375 0.0171875
6 0.796875 0.84296875 0.33125 0.0171875
6 0.84296875 0.9109375 0.234375 0.021875
3 0.92890625 0.62265625 0.053125 0.02578125
4 0.92890625 0.5578125 0.0609375 0.02578125
3 0.92890625 0.49140625 0.0671875 0.03515625
3 0.9265625 0.4265625 0.059375 0.0234375
3 0.92890625 0.3609375 0.059375 0.02890625
4 0.92890625 0.29453125 0.059375 0.02109375
4 0.92890625 0.2296875 0.059375 0.01875
4 0.928125 0.1640625 0.0578125 0.03359375
3 0.921875 0.07734375 0.0828125 0.04375
1 0.578125 0.515625 0.84375 0.96640625