6 0.6265625 0.2609375 0.3109375 0.0203125
4 0.49921875 0.89921875 0.9984375 0.2
2 0.22265625 0.26640625 0.2625 0.03671875
6 0.21875 0.07421875 0.165625 0.0296875
6 0.309375 0.16328125 0.134375 0.01875
6 0.75859375 0.16328125 0.1609375 0.01875
6 0.5296875 0.484375 0.465625 0.02421875
3 0.06640625 0.071875 0.0359375 0.02109375
3 0.20234375 0.1625 0.0484375 0.02109375
4 0.64375 0.16171875 0.0375 0.03125
4 0.12578125 0.2625 0.0625 0.02734375
3 0.259375 0.48203125 0.03125 0.0234375
2 0.49921875 0.35703125 0.815625 0.03359375
7 0.5 0.41484375 0.8359375 0.0625
2 0.68828125 0.26796875 0.440625 0.034375
6 0.1796875 0.26484375 0.040625 0.01875
0 0.49921875 0.515625 0.9984375 0.96640625