6 0.41875 0.0609375 0.484375 0.0265625
6 0.4890625 0.0890625 0.63125 0.0171875
6 0.503125 0.15546875 0.084375 0.0140625
6 0.83984375 0.15703125 0.0578125 0.0125
6 0.1625 0.15703125 0.0703125 0.0140625
6 0.83515625 0.496875 0.1515625 0.0265625
6 0.36328125 0.4984375 0.609375 0.0265625
6 0.2609375 0.5453125 0.403125 0.02265625
6 0.834375 0.603125 0.178125 0.015625
3 0.15546875 0.603125 0.1890625 0.01953125
7 0.434375 0.603125 0.2890625 0.04765625
6 0.35703125 0.97265625 0.5953125 0.0328125
4 0.49921875 0.79453125 0.9625 0.27421875
4 0.49921875 0.325 0.959375 0.2734375
4 0.503125 0.13125 0.0515625 0.02890625
3 0.8375 0.13203125 0.05 0.02734375
3 0.94375 0.06953125 0.0125 0.0265625
3 0.77734375 0.0578125 0.0375 0.02109375
3 0.06640625 0.07109375 0.0421875 0.0234375
3 0.165625 0.1328125 0.059375 0.028125