6 0.50078125 0.0703125 0.2625 0.0171875
6 0.1109375 0.1453125 0.1453125 0.0171875
6 0.7859375 0.1484375 0.35 0.0265625
6 0.54609375 0.21640625 0.834375 0.05703125
6 0.84453125 0.49609375 0.2140625 0.05390625
6 0.35546875 0.48046875 0.35625 0.021875
6 0.05703125 0.478125 0.1109375 0.01640625
6 0.05703125 0.5125 0.1109375 0.01484375
6 0.475 0.51171875 0.1109375 0.015625
6 0.89296875 0.54765625 0.1109375 0.015625
6 0.784375 0.64609375 0.3578125 0.02734375
6 0.1109375 0.64296875 0.1453125 0.0171875
6 0.7484375 0.69609375 0.425 0.021875
6 0.90078125 0.984375 0.134375 0.01328125
6 0.7015625 0.9828125 0.0921875 0.01171875
6 0.50078125 0.984375 0.09375 0.01328125
6 0.30078125 0.984375 0.109375 0.01328125
6 0.10234375 0.98359375 0.0828125 0.01015625
3 0.9 0.9515625 0.0609375 0.03828125
3 0.7015625 0.9515625 0.0640625 0.0375
3 0.50234375 0.9515625 0.0484375 0.03828125
4 0.3015625 0.95078125 0.04375 0.0375
3 0.10234375 0.9515625 0.065625 0.03515625
4 0.765625 0.35859375 0.371875 0.1609375
4 0.346875 0.359375 0.371875 0.16015625
4 0.0578125 0.35859375 0.1125 0.1609375
4 0.765625 0.83203125 0.371875 0.18203125
4 0.346875 0.83125 0.371875 0.1828125
4 0.05703125 0.83203125 0.1109375 0.18203125