6 0.71875 0.42578125 0.1328125 0.0203125
6 0.9328125 0.07109375 0.059375 0.03671875
6 0.75234375 0.14140625 0.121875 0.01875
3 0.4125 0.07109375 0.0453125 0.02421875
3 0.2953125 0.07109375 0.059375 0.03359375
3 0.178125 0.07109375 0.0546875 0.03125
3 0.05703125 0.07265625 0.0453125 0.02578125
6 0.25 0.13984375 0.2953125 0.01875
4 0.89296875 0.23515625 0.125 0.0625
6 0.696875 0.2375 0.175 0.0265625
4 0.896875 0.33203125 0.1328125 0.04765625
6 0.73203125 0.3328125 0.103125 0.0265625
4 0.89453125 0.4234375 0.109375 0.05234375
4 0.8953125 0.5265625 0.1328125 0.0265625
6 0.6578125 0.521875 0.2578125 0.0203125
4 0.8953125 0.61640625 0.1328125 0.046875
6 0.6796875 0.62109375 0.2125 0.02578125
4 0.5015625 0.80078125 0.9640625 0.24609375
6 0.84765625 0.94296875 0.2125 0.015625
6 0.75390625 0.975 0.403125 0.0203125