3 0.9328125 0.06875 0.0515625 0.02109375
4 0.67265625 0.0734375 0.2828125 0.046875
3 0.08125 0.07109375 0.040625 0.03046875
6 0.8 0.88671875 0.13125 0.02578125
6 0.6 0.88515625 0.121875 0.02109375
6 0.4 0.88515625 0.0859375 0.0203125
6 0.20078125 0.88671875 0.16875 0.02578125
6 0.459375 0.96328125 0.403125 0.02109375
4 0.7125 0.96328125 0.046875 0.0328125
4 0.803125 0.81796875 0.1484375 0.084375
4 0.603125 0.81875 0.15 0.08359375
4 0.403125 0.81875 0.1484375 0.08359375
3 0.203125 0.81875 0.1484375 0.08359375
0 0.50078125 0.55703125 0.9984375 0.88515625