6 0.703125 0.07265625 0.240625 0.02109375
6 0.50078125 0.13984375 0.159375 0.02265625
6 0.878125 0.321875 0.1796875 0.02421875
6 0.6109375 0.32265625 0.1921875 0.0234375
6 0.34296875 0.31953125 0.10625 0.0203125
6 0.0828125 0.31875 0.1625 0.02109375
6 0.50078125 0.40859375 0.1625 0.021875
6 0.8765625 0.5875 0.0859375 0.01953125
6 0.61015625 0.58828125 0.1375 0.0203125
6 0.34375 0.58828125 0.146875 0.0203125
6 0.08515625 0.58828125 0.16875 0.0203125
6 0.87890625 0.85703125 0.128125 0.01953125
6 0.61171875 0.8578125 0.1265625 0.0203125
6 0.34296875 0.85703125 0.071875 0.0203125
6 0.0953125 0.85703125 0.1875 0.01953125
7 0.50078125 0.96484375 0.9984375 0.06875
6 0.50625 0.678125 0.1375 0.021875
3 0.93203125 0.06953125 0.05 0.0203125
3 0.06953125 0.07109375 0.05625 0.03046875
4 0.878125 0.22734375 0.24375 0.13671875
4 0.61015625 0.22734375 0.24375 0.13671875
4 0.34375 0.22734375 0.24375 0.13671875
4 0.09921875 0.22734375 0.196875 0.13671875
4 0.878125 0.49609375 0.24375 0.13828125
4 0.6109375 0.49609375 0.2453125 0.13828125
4 0.34375 0.49609375 0.24375 0.13828125
4 0.09921875 0.49609375 0.196875 0.13828125
4 0.878125 0.765625 0.24375 0.13671875
4 0.6109375 0.765625 0.2453125 0.13671875
4 0.34375 0.765625 0.24375 0.13671875
4 0.09921875 0.765625 0.196875 0.13671875