6 0.26875 0.07421875 0.3296875 0.021875
6 0.253125 0.1703125 0.4296875 0.03125
6 0.28828125 0.2234375 0.5015625 0.01953125
6 0.1453125 0.29375 0.209375 0.01953125
6 0.24921875 0.36328125 0.415625 0.0203125
6 0.22421875 0.45390625 0.3734375 0.028125
6 0.45625 0.50859375 0.8296875 0.02421875
6 0.171875 0.58203125 0.259375 0.02578125
6 0.29921875 0.65703125 0.5234375 0.0203125
6 0.19453125 0.8046875 0.3140625 0.02578125
6 0.2375 0.87265625 0.4 0.0203125
6 0.89921875 0.978125 0.1296875 0.01484375
6 0.7 0.9796875 0.0546875 0.01328125
6 0.496875 0.9796875 0.059375 0.01328125
6 0.29921875 0.98125 0.06875 0.0171875
6 0.10078125 0.9796875 0.0796875 0.01328125
6 0.1703125 0.74765625 0.259375 0.0203125
3 0.83046875 0.07109375 0.046875 0.0234375
3 0.9203125 0.071875 0.046875 0.02265625
3 0.075 0.0703125 0.0359375 0.0203125
3 0.93828125 0.22421875 0.046875 0.0171875
3 0.93828125 0.29453125 0.046875 0.01640625
3 0.93828125 0.36484375 0.046875 0.01640625
3 0.93671875 0.50625 0.046875 0.01875
3 0.93828125 0.80390625 0.046875 0.0171875
3 0.93671875 0.8734375 0.046875 0.0171875
3 0.89765625 0.94765625 0.059375 0.0328125
3 0.69765625 0.95 0.059375 0.03046875
3 0.49921875 0.95 0.0546875 0.0296875
4 0.2984375 0.95 0.0609375 0.034375
3 0.09921875 0.95 0.046875 0.0265625
2 0.39765625 0.071875 0.740625 0.05546875