6 0.0765625 0.475 0.15 0.0734375
6 0.07890625 0.3609375 0.1421875 0.05078125
3 0.07578125 0.41328125 0.1484375 0.01953125
6 0.859375 0.80390625 0.2296875 0.0546875
6 0.3734375 0.80078125 0.378125 0.05078125
3 0.45546875 0.41328125 0.2140625 0.01953125
4 0.36953125 0.25625 0.3890625 0.1296875
6 0.08125 0.784375 0.1328125 0.01640625
4 0.36875 0.69609375 0.390625 0.13125
4 0.07578125 0.696875 0.1484375 0.12890625
4 0.78046875 0.69609375 0.3890625 0.13125
6 0.384375 0.475 0.359375 0.0734375
4 0.07578125 0.25625 0.1484375 0.1296875
6 0.7234375 0.590625 0.4953125 0.0296875
6 0.3859375 0.36328125 0.346875 0.05546875
6 0.7875 0.4421875 0.378125 0.07578125
3 0.86796875 0.37890625 0.2140625 0.01953125
6 0.809375 0.34375 0.3265625 0.01640625
6 0.08046875 0.15234375 0.109375 0.01484375
6 0.753125 0.146875 0.434375 0.02421875
4 0.78046875 0.25625 0.3890625 0.1296875
6 0.9 0.9921875 0.0859375 0.0140625
6 0.69921875 0.990625 0.09375 0.01171875
6 0.49921875 0.9921875 0.1078125 0.0140625
6 0.3 0.9921875 0.109375 0.0140625
6 0.0984375 0.99140625 0.075 0.0125
3 0.09921875 0.959375 0.0515625 0.0296875
3 0.30078125 0.96015625 0.0734375 0.03125
3 0.49921875 0.959375 0.059375 0.03359375
3 0.70078125 0.959375 0.065625 0.03359375
3 0.9 0.959375 0.0640625 0.0359375
3 0.0609375 0.06796875 0.053125 0.0296875
3 0.18515625 0.06875 0.071875 0.0296875
6 0.84140625 0.06953125 0.134375 0.02109375
3 0.9390625 0.0703125 0.05625 0.02421875