3 0.940625 0.5578125 0.0515625 0.02421875
3 0.940625 0.37109375 0.05 0.02421875
3 0.940625 0.184375 0.0515625 0.02578125
6 0.3015625 0.8078125 0.521875 0.03359375
6 0.49921875 0.6265625 0.4734375 0.01875
6 0.43828125 0.5703125 0.215625 0.015625
6 0.628125 0.53203125 0.5921875 0.0203125
6 0.49375 0.4625 0.3265625 0.06640625
6 0.4125 0.384375 0.1609375 0.01640625
6 0.52734375 0.34609375 0.390625 0.01953125
6 0.51796875 0.2796875 0.375 0.0734375
6 0.43515625 0.15546875 0.2078125 0.02109375
6 0.53828125 0.115625 0.415625 0.0203125
6 0.540625 0.07109375 0.41875 0.0296875
4 0.159375 0.4890625 0.2453125 0.13828125
4 0.159375 0.30234375 0.2453125 0.13828125
4 0.16015625 0.115625 0.24375 0.13828125
3 0.1 0.96640625 0.05 0.02890625
3 0.29921875 0.96640625 0.0515625 0.02890625
3 0.49921875 0.965625 0.0515625 0.02578125
3 0.6984375 0.96640625 0.0421875 0.0296875
3 0.89921875 0.96640625 0.0125 0.0234375