6 0.8515625 0.671875 0.209375 0.02265625
6 0.80078125 0.58359375 0.309375 0.021875
6 0.640625 0.40078125 0.134375 0.021875
6 0.84140625 0.26640625 0.23125 0.0203125
6 0.8796875 0.18359375 0.1578125 0.0140625
2 0.5015625 0.590625 0.921875 0.0359375
2 0.5015625 0.67890625 0.921875 0.03671875
2 0.37890625 0.4078125 0.6609375 0.0359375
2 0.5 0.2734375 0.921875 0.034375
2 0.5015625 0.1890625 0.921875 0.02734375
6 0.77109375 0.075 0.1671875 0.02734375
6 0.83359375 0.38828125 0.0859375 0.0296875
6 0.5765625 0.48125 0.7703125 0.021875
6 0.50859375 0.77734375 0.90625 0.07265625
7 0.50078125 0.9609375 0.9984375 0.0765625
3 0.93203125 0.07109375 0.0421875 0.0234375
4 0.928125 0.38515625 0.065625 0.0296875
3 0.75390625 0.3859375 0.034375 0.01015625
3 0.08828125 0.67421875 0.0546875 0.02734375