6 0.59765625 0.40234375 0.140625 0.0203125
6 0.15546875 0.40234375 0.2328125 0.01953125
6 0.1140625 0.72734375 0.1546875 0.01953125
6 0.590625 0.72734375 0.125 0.0203125
4 0.25625 0.88515625 0.465625 0.2296875
4 0.74453125 0.88515625 0.4671875 0.2296875
4 0.74453125 0.57578125 0.4671875 0.26171875
4 0.25625 0.57578125 0.465625 0.26171875
4 0.25625 0.24921875 0.465625 0.26171875
4 0.74375 0.24921875 0.465625 0.26171875
3 0.053125 0.06328125 0.0609375 0.034375
4 0.4984375 0.06484375 0.25625 0.03515625
7 0.8890625 0.06328125 0.196875 0.03125