3 0.1109375 0.89609375 0.05625 0.0296875
6 0.8203125 0.95546875 0.2296875 0.01484375
3 0.4609375 0.9546875 0.2421875 0.02265625
6 0.596875 0.90078125 0.515625 0.0515625
6 0.84140625 0.709375 0.1859375 0.01484375
6 0.8421875 0.7953125 0.1875 0.021875
7 0.446875 0.78671875 0.2171875 0.04453125
3 0.4609375 0.70859375 0.2421875 0.02265625
6 0.628125 0.65703125 0.575 0.05625
3 0.11171875 0.65 0.0578125 0.02890625
6 0.821875 0.48671875 0.225 0.0140625
6 0.8421875 0.55 0.1875 0.02109375
7 0.446875 0.540625 0.2171875 0.0453125
3 0.4609375 0.48671875 0.2421875 0.02265625
6 0.540625 0.41796875 0.4046875 0.090625
3 0.1109375 0.39375 0.05625 0.0296875
6 0.834375 0.20625 0.2046875 0.01484375
6 0.8453125 0.29296875 0.1765625 0.02109375
7 0.446875 0.28359375 0.2171875 0.04453125
3 0.4609375 0.20546875 0.2421875 0.021875
6 0.621875 0.15546875 0.5671875 0.05546875
3 0.11171875 0.1484375 0.053125 0.02890625
3 0.06015625 0.07109375 0.0515625 0.0265625
3 0.9390625 0.0703125 0.05625 0.0265625
4 0.17734375 0.715625 0.2796875 0.21015625
4 0.17734375 0.928125 0.2796875 0.14296875
4 0.178125 0.4640625 0.278125 0.2203125
4 0.178125 0.21328125 0.278125 0.209375