6 0.31796875 0.0734375 0.4 0.0234375
4 0.078125 0.2609375 0.1171875 0.065625
4 0.078125 0.34765625 0.1171875 0.06640625
4 0.078125 0.43515625 0.1171875 0.06640625
4 0.078125 0.52265625 0.1171875 0.065625
4 0.078125 0.6109375 0.1171875 0.06484375
4 0.078125 0.6984375 0.1171875 0.06484375
4 0.07734375 0.7859375 0.11875 0.06640625
4 0.078125 0.87265625 0.1171875 0.065625
3 0.10078125 0.95 0.0515625 0.02890625
3 0.29921875 0.94921875 0.0515625 0.02578125
3 0.49921875 0.94921875 0.0515625 0.02890625
3 0.6984375 0.94921875 0.05 0.0296875
3 0.896875 0.94921875 0.05625 0.0296875
6 0.89765625 0.978125 0.065625 0.01484375
6 0.6984375 0.978125 0.053125 0.01484375
6 0.4984375 0.978125 0.10625 0.015625
6 0.3 0.978125 0.1359375 0.01484375
6 0.1 0.978125 0.0890625 0.01484375
6 0.46171875 0.87734375 0.571875 0.02421875
6 0.4 0.78984375 0.45 0.02421875
6 0.409375 0.69921875 0.4671875 0.0203125
6 0.22890625 0.6125 0.109375 0.01875
6 0.35625 0.52421875 0.3578125 0.0203125
6 0.28046875 0.4390625 0.20625 0.02421875
6 0.39765625 0.3515625 0.44375 0.02421875
6 0.19921875 0.2625 0.0484375 0.0203125
6 0.5 0.19296875 0.4109375 0.02421875
6 0.5 0.15546875 0.2859375 0.02265625
3 0.065625 0.07109375 0.0484375 0.0265625
3 0.93046875 0.071875 0.0359375 0.0265625
2 0.4984375 0.07109375 0.9609375 0.0546875