6 0.22578125 0.07109375 0.096875 0.0265625
6 0.10625 0.16640625 0.134375 0.01875
6 0.190625 0.22890625 0.146875 0.01953125
6 0.20390625 0.30625 0.178125 0.0203125
6 0.10703125 0.38203125 0.1359375 0.01640625
6 0.26328125 0.44296875 0.29375 0.0203125
6 0.22265625 0.521875 0.209375 0.01953125
6 0.0859375 0.596875 0.0921875 0.02109375
6 0.33046875 0.6578125 0.43125 0.0203125
6 0.49296875 0.73359375 0.434375 0.0203125
6 0.565625 0.78984375 0.578125 0.05390625
4 0.146875 0.76796875 0.1796875 0.0453125
3 0.0671875 0.06875 0.040625 0.02265625
3 0.05859375 0.22734375 0.0453125 0.0265625
3 0.05859375 0.30546875 0.0453125 0.02421875
3 0.0578125 0.4421875 0.046875 0.02578125
3 0.05859375 0.5203125 0.0453125 0.0203125
3 0.0578125 0.65703125 0.040625 0.02578125
3 0.9296875 0.65703125 0.01875 0.0171875
3 0.9296875 0.5203125 0.01875 0.01640625
3 0.9296875 0.4421875 0.01875 0.0171875
3 0.9296875 0.30546875 0.01875 0.01640625
3 0.93125 0.22734375 0.01875 0.0171875