6 0.78984375 0.5515625 0.29375 0.01484375
6 0.778125 0.071875 0.09375 0.01953125
6 0.85 0.14296875 0.221875 0.0171875
6 0.0796875 0.21640625 0.0796875 0.01640625
6 0.4390625 0.21796875 0.478125 0.0203125
6 0.5765625 0.25 0.20625 0.0171875
6 0.0890625 0.2484375 0.1 0.0203125
6 0.584375 0.2796875 0.1890625 0.0140625
6 0.45625 0.33125 0.4453125 0.05625
6 0.821875 0.46953125 0.278125 0.0203125
6 0.87578125 0.64140625 0.16875 0.015625
6 0.8828125 0.68671875 0.1578125 0.0203125
6 0.86171875 0.728125 0.1984375 0.01640625
6 0.0796875 0.64140625 0.0796875 0.015625
6 0.0890625 0.68515625 0.0953125 0.0203125
6 0.0890625 0.72890625 0.0953125 0.0203125
6 0.50703125 0.796875 0.909375 0.015625
6 0.68515625 0.85390625 0.44375 0.0171875
4 0.94375 0.8515625 0.0375 0.0234375
7 0.50078125 0.95 0.921875 0.0546875
7 0.146875 0.55078125 0.2140625 0.05703125
2 0.6140625 0.55078125 0.696875 0.05703125
6 0.11484375 0.39296875 0.0125 0.01640625
3 0.078125 0.39140625 0.021875 0.0078125
3 0.9328125 0.07109375 0.0375 0.021875
4 0.83984375 0.284375 0.24375 0.15546875