3 0.0546875 0.0640625 0.0625 0.03515625
4 0.49921875 0.065625 0.2578125 0.03515625
7 0.88984375 0.0625 0.1984375 0.03125
4 0.25625 0.234375 0.465625 0.26171875
4 0.74296875 0.234375 0.4671875 0.26171875
6 0.1359375 0.3859375 0.203125 0.02109375
6 0.58046875 0.38671875 0.1109375 0.0203125
4 0.25625 0.56015625 0.465625 0.26171875
4 0.74375 0.56015625 0.465625 0.26171875
6 0.175 0.7125 0.278125 0.0203125
6 0.640625 0.7125 0.225 0.0203125
4 0.25625 0.87734375 0.465625 0.24375
4 0.74453125 0.87734375 0.4671875 0.2453125