6 0.63125 0.50546875 0.584375 0.08984375
3 0.11171875 0.984375 0.0578125 0.02890625
3 0.11171875 0.7390625 0.0578125 0.0296875
3 0.11015625 0.4828125 0.0578125 0.0296875
3 0.1125 0.22734375 0.0546875 0.0296875
3 0.06015625 0.07109375 0.0546875 0.0265625
3 0.940625 0.0703125 0.05625 0.0265625
6 0.2875 0.14453125 0.50625 0.0359375
4 0.178125 0.296875 0.278125 0.21953125
6 0.6359375 0.24921875 0.59375 0.090625
3 0.4609375 0.31875 0.2421875 0.02265625
6 0.8125 0.31875 0.246875 0.01484375
7 0.446875 0.37265625 0.2171875 0.04453125
6 0.84453125 0.38203125 0.178125 0.02109375
4 0.178125 0.5515625 0.278125 0.21953125
7 0.446875 0.62890625 0.2171875 0.04453125
3 0.4609375 0.575 0.2421875 0.02265625
6 0.82109375 0.57578125 0.23125 0.01484375
6 0.83671875 0.63828125 0.1984375 0.02109375
4 0.178125 0.80390625 0.278125 0.209375
6 0.53359375 0.728125 0.384375 0.021875
3 0.4609375 0.7625 0.2421875 0.02265625
6 0.809375 0.7625 0.2546875 0.01484375
6 0.83671875 0.884375 0.1984375 0.02109375
7 0.446875 0.875 0.2171875 0.04453125
4 0.1765625 0.97265625 0.278125 0.0546875
6 0.59140625 0.9734375 0.50625 0.02109375