6 0.50078125 0.19140625 0.8265625 0.05859375
6 0.5 0.43359375 0.653125 0.0265625
6 0.44921875 0.8328125 0.6296875 0.02578125
6 0.49921875 0.91875 0.221875 0.0203125
6 0.44609375 0.96640625 0.103125 0.02109375
6 0.62109375 0.96640625 0.15 0.02109375
6 0.815625 0.96640625 0.140625 0.021875
6 0.2625 0.96875 0.1703125 0.01875
4 0.140625 0.9671875 0.0625 0.02109375
4 0.5 0.1046875 0.73125 0.05
4 0.5 0.32421875 0.2453125 0.13828125
7 0.5 0.7453125 0.728125 0.071875
7 0.5 0.65234375 0.728125 0.071875
7 0.5 0.559375 0.728125 0.071875