4 0.096875 0.26953125 0.065625 0.03515625
6 0.23828125 0.1828125 0.3578125 0.028125
6 0.37578125 0.2703125 0.4234375 0.01875
6 0.26953125 0.35546875 0.2109375 0.021875
6 0.38125 0.4390625 0.434375 0.021875
6 0.390625 0.52265625 0.4515625 0.021875
6 0.26015625 0.60703125 0.190625 0.02109375
6 0.2296875 0.690625 0.1296875 0.02109375
6 0.4140625 0.7734375 0.4953125 0.021875
6 0.353125 0.85703125 0.3765625 0.02109375
6 0.12421875 0.984375 0.078125 0.0125
6 0.37578125 0.984375 0.1734375 0.01328125
6 0.625 0.98515625 0.109375 0.01640625
6 0.875 0.984375 0.1453125 0.01328125
3 0.8734375 0.9546875 0.05625 0.03125
3 0.6234375 0.95546875 0.05625 0.0265625
3 0.37421875 0.95546875 0.0578125 0.02890625
3 0.125 0.9546875 0.05625 0.03125
4 0.09765625 0.85390625 0.0578125 0.03515625
4 0.09765625 0.77109375 0.0796875 0.040625
4 0.096875 0.68828125 0.0875 0.03671875
4 0.096875 0.60390625 0.0671875 0.0328125
4 0.096875 0.52109375 0.0609375 0.0375
4 0.096875 0.4375 0.0625 0.03515625
4 0.096875 0.35390625 0.053125 0.03671875
3 0.1078125 0.09609375 0.0453125 0.0265625
6 0.47109375 0.096875 0.5921875 0.0234375
2 0.49921875 0.0953125 0.9234375 0.078125