6 0.2203125 0.071875 0.1515625 0.021875
6 0.69375 0.80078125 0.034375 0.03359375
6 0.821875 0.5765625 0.0625 0.01484375
6 0.82109375 0.54765625 0.0640625 0.03046875
6 0.315625 0.3328125 0.0640625 0.01484375
6 0.3140625 0.30234375 0.0640625 0.0296875
6 0.75390625 0.071875 0.13125 0.015625
6 0.13671875 0.14296875 0.19375 0.01640625
6 0.3890625 0.14296875 0.15 0.01640625
6 0.6765625 0.14296875 0.2640625 0.01640625
6 0.940625 0.14296875 0.1046875 0.01640625
6 0.2359375 0.2171875 0.203125 0.046875
6 0.22734375 0.26640625 0.0796875 0.0125
6 0.19921875 0.3140625 0.1546875 0.05625
6 0.23515625 0.37734375 0.1703125 0.01328125
6 0.7421875 0.4828125 0.340625 0.01875
6 0.73359375 0.5109375 0.078125 0.0125
6 0.70703125 0.55859375 0.153125 0.05546875
6 0.740625 0.6203125 0.1796875 0.01328125
6 0.765625 0.74296875 0.3078125 0.015625
6 0.759375 0.76953125 0.0671875 0.0125
6 0.759375 0.81171875 0.0671875 0.05
6 0.765625 0.86875 0.1609375 0.0125
6 0.8984375 0.9796875 0.0609375 0.01328125
6 0.1 0.9796875 0.078125 0.01328125
6 0.29921875 0.9796875 0.1234375 0.01328125
6 0.4984375 0.97890625 0.090625 0.0140625
6 0.69921875 0.9796875 0.109375 0.01328125
3 0.1 0.95 0.05625 0.02890625
3 0.29921875 0.94921875 0.05625 0.02890625
3 0.5 0.94921875 0.05625 0.03046875
3 0.69921875 0.94921875 0.0484375 0.03046875
3 0.89921875 0.95 0.0578125 0.0265625
3 0.90234375 0.07109375 0.0265625 0.0078125
3 0.54765625 0.0703125 0.040625 0.0296875
3 0.090625 0.071875 0.0515625 0.02890625
2 0.4984375 0.07109375 0.921875 0.05546875
4 0.7203125 0.29140625 0.5578125 0.23359375
4 0.25546875 0.54296875 0.5109375 0.2703125
4 0.28125 0.80078125 0.5625 0.24453125