4 0.16015625 0.88984375 0.24375 0.0890625
6 0.634375 0.88671875 0.609375 0.06640625
6 0.33828125 0.75703125 0.3453125 0.05625
6 0.4421875 0.67109375 0.7515625 0.06484375
4 0.49921875 0.46328125 0.921875 0.26015625
3 0.73515625 0.59296875 0.1171875 0.06640625
3 0.8671875 0.59375 0.11875 0.065625
6 0.4703125 0.14375 0.44375 0.0578125
6 0.2859375 0.2828125 0.4921875 0.03359375
6 0.4171875 0.0609375 0.3515625 0.03046875
3 0.1 0.96640625 0.05 0.028125
3 0.3 0.96640625 0.05 0.02890625
3 0.49921875 0.965625 0.0515625 0.02578125
3 0.69921875 0.96640625 0.040625 0.02890625
3 0.89921875 0.96640625 0.0125 0.02265625
4 0.11953125 0.08984375 0.1421875 0.11328125