3 0.9359375 0.06640625 0.046875 0.0265625
6 0.49921875 0.125 0.265625 0.04765625
6 0.81484375 0.2421875 0.209375 0.01953125
6 0.340625 0.2421875 0.2078125 0.01953125
6 0.86640625 0.34296875 0.103125 0.01875
6 0.77734375 0.44375 0.2828125 0.01875
6 0.49765625 0.54140625 0.7578125 0.05234375
6 0.521875 0.6390625 0.859375 0.0546875
7 0.5015625 0.73125 0.8140625 0.06171875
6 0.49765625 0.8 0.0546875 0.01875
7 0.50078125 0.86796875 0.815625 0.06171875
6 0.5015625 0.96328125 0.6171875 0.02421875
2 0.7359375 0.23828125 0.428125 0.07890625
2 0.26328125 0.23828125 0.4265625 0.07890625
2 0.5 0.33984375 0.903125 0.0796875
2 0.5 0.440625 0.903125 0.0796875