6 0.29140625 0.43046875 0.153125 0.0125
6 0.8125 0.43046875 0.246875 0.0125
6 0.81015625 0.48046875 0.3765625 0.06171875
6 0.29296875 0.4796875 0.353125 0.06171875
6 0.253125 0.6671875 0.396875 0.040625
6 0.89375 0.671875 0.109375 0.0125
4 0.8125 0.8359375 0.1671875 0.1453125
4 0.290625 0.8359375 0.1765625 0.153125
4 0.290625 0.321875 0.2140625 0.09921875
4 0.81328125 0.32109375 0.2265625 0.0859375
6 0.89375 0.15703125 0.1125 0.01328125
6 0.265625 0.14765625 0.421875 0.03125
6 0.14765625 0.06953125 0.190625 0.02265625
6 0.87578125 0.97734375 0.1046875 0.01640625
6 0.62578125 0.97734375 0.1328125 0.015625
6 0.37421875 0.9765625 0.09375 0.0171875
6 0.12578125 0.97734375 0.1046875 0.01640625
3 0.125 0.9484375 0.0421875 0.02421875
3 0.37421875 0.94765625 0.0484375 0.0265625
4 0.6234375 0.94765625 0.05625 0.0203125
3 0.8734375 0.9484375 0.059375 0.03359375