6 0.221875 0.24375 0.3421875 0.0265625
2 0.459375 0.2484375 0.825 0.03515625
6 0.228125 0.071875 0.3796875 0.02265625
6 0.1671875 0.1421875 0.271875 0.0171875
6 0.5 0.1421875 0.1953125 0.0171875
6 0.83125 0.14296875 0.265625 0.015625
6 0.309375 0.35390625 0.134375 0.01875
6 0.33828125 0.43125 0.190625 0.01875
6 0.296875 0.5125 0.1078125 0.02109375
6 0.334375 0.5875 0.1796875 0.0171875
6 0.309375 0.66640625 0.13125 0.0171875
6 0.3 0.74609375 0.1109375 0.021875
6 0.2953125 0.821875 0.1015625 0.0171875
6 0.278125 0.9 0.071875 0.0171875
6 0.12421875 0.97890625 0.084375 0.015625
6 0.3734375 0.97734375 0.1140625 0.01953125
6 0.62421875 0.98046875 0.1375 0.01953125
6 0.87421875 0.978125 0.0734375 0.015625
3 0.8734375 0.95 0.0421875 0.0078125
3 0.62421875 0.95 0.0515625 0.0265625
3 0.37421875 0.94609375 0.046875 0.0265625
3 0.125 0.94921875 0.05 0.02578125
4 0.1140625 0.9 0.153125 0.03671875
4 0.115625 0.821875 0.153125 0.02734375
4 0.1078125 0.74375 0.140625 0.0296875
4 0.115625 0.66484375 0.153125 0.03359375
4 0.1140625 0.58671875 0.153125 0.0328125
4 0.115625 0.50859375 0.153125 0.028125
4 0.11484375 0.43046875 0.153125 0.028125
4 0.115625 0.35390625 0.153125 0.040625
3 0.95 0.24453125 0.05625 0.03125