6 0.55390625 0.81953125 0.23125 0.021875
6 0.92421875 0.81796875 0.1484375 0.0171875
6 0.246875 0.15625 0.4484375 0.02578125
6 0.9203125 0.16015625 0.109375 0.01484375
6 0.9234375 0.9 0.15 0.04453125
6 0.621875 0.90078125 0.36875 0.04765625
6 0.203125 0.90078125 0.359375 0.04765625
3 0.92421875 0.85234375 0.1484375 0.0203125
3 0.5453125 0.85234375 0.215625 0.0203125
3 0.1328125 0.85234375 0.215625 0.0203125
6 0.14609375 0.81796875 0.2421875 0.0171875
4 0.21875 0.73046875 0.390625 0.13125
4 0.63046875 0.73046875 0.3890625 0.13203125
4 0.9234375 0.73046875 0.15 0.13125
6 0.91953125 0.62578125 0.109375 0.0140625
6 0.25078125 0.621875 0.4453125 0.02265625
6 0.80390625 0.53828125 0.1859375 0.02265625
3 0.8171875 0.50859375 0.215625 0.01953125
6 0.540625 0.50859375 0.20625 0.01328125
6 0.121875 0.53828125 0.1859375 0.02265625
3 0.13203125 0.50859375 0.2140625 0.01875
6 0.275 0.45859375 0.503125 0.05625
6 0.853125 0.4578125 0.2921875 0.0578125
4 0.853125 0.3046875 0.290625 0.2109375
4 0.35234375 0.3046875 0.65625 0.2109375
6 0.1 0.99140625 0.0859375 0.01484375
6 0.30078125 0.99140625 0.096875 0.0125
6 0.50078125 0.99140625 0.1078125 0.01484375
6 0.7 0.99140625 0.109375 0.01484375
6 0.9 0.990625 0.075 0.0125
3 0.9 0.959375 0.053125 0.0296875
3 0.69921875 0.96015625 0.0734375 0.03125
3 0.50078125 0.95859375 0.059375 0.03359375
3 0.29921875 0.959375 0.065625 0.03359375
3 0.09921875 0.959375 0.065625 0.03671875
3 0.9390625 0.06796875 0.053125 0.0296875
3 0.81484375 0.06875 0.071875 0.0296875
6 0.15859375 0.0703125 0.134375 0.021875
3 0.059375 0.07109375 0.05625 0.0265625