6 0.6859375 0.665625 0.353125 0.02265625
6 0.76796875 0.56484375 0.1859375 0.01953125
6 0.40546875 0.4703125 0.284375 0.01953125
6 0.803125 0.375 0.1171875 0.0203125
6 0.75078125 0.2828125 0.221875 0.01875
6 0.74765625 0.1875 0.2265625 0.0203125
6 0.671875 0.4703125 0.071875 0.02109375
3 0.60625 0.46953125 0.0265625 0.00859375
7 0.5 0.84375 0.921875 0.0640625
6 0.496875 0.75703125 0.8859375 0.04375
4 0.79765625 0.46953125 0.059375 0.03359375
3 0.0984375 0.56796875 0.05 0.02421875
3 0.0984375 0.66640625 0.05 0.02421875
3 0.93125 0.65703125 0.0328125 0.02578125
3 0.9328125 0.55859375 0.03125 0.02578125
4 0.934375 0.46171875 0.04375 0.02734375
3 0.93125 0.36875 0.040625 0.01640625
3 0.93125 0.27578125 0.028125 0.02734375
3 0.9328125 0.18203125 0.0296875 0.0265625
3 0.93203125 0.071875 0.046875 0.0234375
6 0.50078125 0.0734375 0.1578125 0.02265625
2 0.4578125 0.6703125 0.815625 0.03359375
2 0.4578125 0.571875 0.815625 0.03359375
2 0.2984375 0.47578125 0.5 0.03046875
2 0.4578125 0.38125 0.815625 0.0328125
2 0.45703125 0.2875 0.8171875 0.03046875
2 0.4578125 0.19296875 0.815625 0.0328125