6 0.10078125 0.98046875 0.115625 0.0125
6 0.29921875 0.98046875 0.0875 0.0125
6 0.49921875 0.98046875 0.071875 0.0125
6 0.69765625 0.98046875 0.0828125 0.0125
6 0.89609375 0.98046875 0.103125 0.0125
3 0.8953125 0.95234375 0.059375 0.03359375
3 0.69609375 0.95234375 0.0546875 0.03046875
4 0.49765625 0.95234375 0.0546875 0.03359375
3 0.29921875 0.95234375 0.059375 0.03046875
3 0.1015625 0.95234375 0.053125 0.0328125
4 0.49921875 0.60625 0.884375 0.15078125
7 0.49921875 0.465625 0.440625 0.0703125
6 0.49921875 0.378125 0.46875 0.05234375
6 0.5 0.296875 0.384375 0.03515625