6 0.61328125 0.0734375 0.4265625 0.0234375
6 0.503125 0.22421875 0.7609375 0.02109375
6 0.8125 0.35390625 0.325 0.01875
6 0.72265625 0.40625 0.434375 0.02421875
6 0.675 0.46953125 0.521875 0.01953125
6 0.76484375 0.53671875 0.3515625 0.02421875
6 0.82734375 0.6 0.2265625 0.01953125
6 0.77578125 0.66796875 0.3265625 0.02578125
6 0.6984375 0.73046875 0.475 0.01953125
6 0.821875 0.79921875 0.234375 0.02578125
6 0.7796875 0.86171875 0.315625 0.01953125
6 0.82421875 0.93046875 0.2328125 0.02421875
6 0.80390625 0.99140625 0.265625 0.015625
3 0.06015625 0.0703125 0.04375 0.02421875
3 0.9328125 0.07109375 0.040625 0.02265625
4 0.50078125 0.22421875 0.9484375 0.190625