6 0.8109375 0.07421875 0.2953125 0.028125
6 0.834375 0.153125 0.184375 0.02109375
6 0.50078125 0.15234375 0.1984375 0.02109375
6 0.16640625 0.15 0.175 0.01875
6 0.5015625 0.56328125 0.759375 0.028125
6 0.50078125 0.62421875 0.796875 0.05390625
6 0.1 0.98359375 0.0703125 0.0125
6 0.30078125 0.98359375 0.1484375 0.01328125
6 0.50078125 0.984375 0.115625 0.015625
6 0.69921875 0.984375 0.084375 0.01640625
6 0.89921875 0.98359375 0.0875 0.0125
3 0.10078125 0.95078125 0.0578125 0.0234375
4 0.30078125 0.95 0.065625 0.0296875
3 0.50078125 0.94921875 0.0578125 0.0328125
4 0.70078125 0.9515625 0.05625 0.0328125
3 0.9 0.95078125 0.059375 0.03359375
4 0.47578125 0.3890625 0.4484375 0.2203125