6 0.69140625 0.07109375 0.3203125 0.02265625
6 0.50078125 0.159375 0.6078125 0.02578125
6 0.5015625 0.4953125 0.7359375 0.04375
6 0.87578125 0.984375 0.0796875 0.0125
6 0.62578125 0.984375 0.1734375 0.0125
6 0.375 0.9859375 0.109375 0.015625
6 0.125 0.984375 0.1453125 0.0125
3 0.875 0.9546875 0.05625 0.03125
3 0.62578125 0.95546875 0.0578125 0.02890625
3 0.37578125 0.95546875 0.0546875 0.0265625
3 0.1265625 0.9546875 0.05625 0.03125
7 0.5 0.86640625 0.921875 0.0703125
7 0.5015625 0.775 0.921875 0.0703125
3 0.93125 0.06953125 0.0484375 0.01953125
4 0.503125 0.328125 0.628125 0.21796875