6 0.71875 0.396875 0.159375 0.02109375
6 0.74921875 0.28203125 0.0984375 0.01640625
6 0.25 0.15 0.13125 0.02578125
6 0.75 0.15 0.184375 0.02578125
3 0.87109375 0.2828125 0.0421875 0.01875
3 0.87109375 0.39609375 0.0390625 0.02421875
3 0.1375 0.39609375 0.05625 0.0265625
2 0.50078125 0.40390625 0.8234375 0.040625
2 0.50078125 0.29140625 0.8234375 0.03828125
3 0.93203125 0.07109375 0.0390625 0.021875
6 0.61875 0.07109375 0.4125 0.01953125
6 0.4984375 0.50234375 0.28125 0.01953125
4 0.50078125 0.87890625 0.9984375 0.240625