6 0.3171875 0.0734375 0.3984375 0.0234375
6 0.221875 0.7515625 0.325 0.021875
3 0.93046875 0.071875 0.0359375 0.02734375
3 0.065625 0.071875 0.0484375 0.02734375
6 0.253125 0.3359375 0.3890625 0.01875
6 0.22421875 0.3671875 0.3328125 0.02265625
6 0.1625 0.4 0.20625 0.01875
6 0.1265625 0.43125 0.1359375 0.02109375
3 0.43515625 0.4296875 0.0125 0.0203125
3 0.43125 0.15234375 0.0546875 0.028125
3 0.91171875 0.15234375 0.0546875 0.02890625
6 0.7296875 0.33828125 0.3828125 0.021875
6 0.65859375 0.3671875 0.2359375 0.021875
6 0.66171875 0.39921875 0.2484375 0.01875
6 0.6015625 0.43125 0.128125 0.02109375
3 0.91484375 0.43046875 0.0125 0.02109375
6 0.2578125 0.6890625 0.3984375 0.01875
6 0.178125 0.71953125 0.2421875 0.021875
6 0.1125 0.784375 0.109375 0.021875
3 0.43515625 0.78359375 0.0125 0.02109375
6 0.72890625 0.68828125 0.38125 0.0171875
6 0.65546875 0.7203125 0.2359375 0.0203125
6 0.64140625 0.75234375 0.20625 0.01953125
6 0.61015625 0.784375 0.14375 0.02109375
3 0.915625 0.7828125 0.0125 0.02109375
3 0.43203125 0.50625 0.053125 0.0265625
3 0.91171875 0.50546875 0.0515625 0.0265625
3 0.91171875 0.8578125 0.0546875 0.028125
3 0.43203125 0.85703125 0.05625 0.02890625
4 0.26015625 0.215625 0.44375 0.1859375
4 0.259375 0.56875 0.4421875 0.18515625
4 0.7390625 0.56875 0.4421875 0.18515625
4 0.73984375 0.9140625 0.44375 0.1703125
4 0.259375 0.9140625 0.4453125 0.1703125
4 0.740625 0.21640625 0.44375 0.1875
2 0.5 0.07109375 0.9609375 0.05546875