6 0.9125 0.14375 0.096875 0.015625
6 0.84140625 0.0734375 0.234375 0.0234375
6 0.73671875 0.1453125 0.109375 0.02109375
7 0.5 0.7296875 0.6671875 0.071875
6 0.5 0.5609375 0.403125 0.0296875
6 0.5015625 0.62890625 0.8359375 0.06484375
4 0.5 0.428125 0.2921875 0.14921875
6 0.89921875 0.97890625 0.0875 0.0140625
6 0.69921875 0.978125 0.1375 0.01484375
6 0.5015625 0.978125 0.10625 0.015625
6 0.3015625 0.97890625 0.053125 0.0140625
6 0.10234375 0.978125 0.065625 0.01484375
3 0.103125 0.94921875 0.0546875 0.0296875
3 0.29375 0.94921875 0.065625 0.03046875
3 0.50078125 0.95 0.0515625 0.028125
3 0.70078125 0.95 0.0515625 0.0265625
3 0.9 0.95 0.05 0.028125