3 0.9453125 0.0640625 0.0625 0.03515625
4 0.50078125 0.065625 0.2578125 0.03515625
7 0.11015625 0.0625 0.1984375 0.03125
4 0.74375 0.234375 0.465625 0.26171875
4 0.25703125 0.234375 0.4671875 0.26171875
6 0.8640625 0.3859375 0.203125 0.02109375
6 0.41953125 0.38671875 0.1109375 0.0203125
4 0.74375 0.56015625 0.465625 0.26171875
4 0.25625 0.56015625 0.465625 0.26171875
6 0.825 0.7125 0.278125 0.0203125
6 0.359375 0.7125 0.225 0.0203125
4 0.74375 0.87734375 0.465625 0.24375
4 0.25546875 0.87734375 0.4671875 0.2453125