6 0.73203125 0.9453125 0.2109375 0.01953125
6 0.71640625 0.846875 0.2453125 0.0203125
6 0.70078125 0.7515625 0.2734375 0.02578125
6 0.70078125 0.653125 0.2734375 0.02578125
6 0.76640625 0.5515625 0.1390625 0.01953125
6 0.78046875 0.45390625 0.1140625 0.01875
6 0.60703125 0.3578125 0.4609375 0.02421875
6 0.79375 0.26015625 0.09375 0.0234375
6 0.72265625 0.159375 0.2328125 0.01953125
3 0.0859375 0.94609375 0.0390625 0.009375
3 0.0859375 0.846875 0.0390625 0.009375
3 0.0859375 0.7484375 0.0390625 0.009375
3 0.0859375 0.65 0.0390625 0.009375
3 0.08515625 0.55234375 0.040625 0.009375
3 0.0859375 0.45390625 0.0390625 0.00859375
3 0.0859375 0.35546875 0.0390625 0.00859375
3 0.0859375 0.25703125 0.0390625 0.009375
3 0.0859375 0.15859375 0.0390625 0.009375
4 0.91171875 0.94609375 0.0375 0.03125
4 0.91328125 0.84609375 0.096875 0.0546875
4 0.91171875 0.7484375 0.096875 0.0546875
4 0.91328125 0.65 0.096875 0.0546875
4 0.91328125 0.5515625 0.096875 0.0546875
4 0.91171875 0.453125 0.096875 0.0546875
4 0.91171875 0.35546875 0.096875 0.0546875
4 0.91171875 0.25703125 0.096875 0.0546875
7 0.91328125 0.1578125 0.096875 0.05390625
3 0.9328125 0.06953125 0.0484375 0.01953125
4 0.753125 0.0703125 0.2234375 0.046875
3 0.19453125 0.06953125 0.059375 0.03125
3 0.07890625 0.06484375 0.08125 0.04375