6 0.6015625 0.06796875 0.196875 0.01640625
6 0.490625 0.13125 0.103125 0.0140625
6 0.5375 0.196875 0.1953125 0.0140625
6 0.6140625 0.26171875 0.353125 0.0140625
6 0.50546875 0.32734375 0.134375 0.0140625
6 0.49765625 0.396875 0.115625 0.0140625
6 0.49453125 0.46328125 0.109375 0.0140625
6 0.475 0.528125 0.071875 0.0140625
6 0.4984375 0.59375 0.1203125 0.0140625
6 0.521875 0.66328125 0.0578125 0.0140625
6 0.58984375 0.72890625 0.209375 0.0140625
4 0.45390625 0.7296875 0.0203125 0.0171875
3 0.94609375 0.66328125 0.0171875 0.00625
4 0.4546875 0.6640625 0.0375 0.015625
3 0.60078125 0.328125 0.028125 0.01640625
3 0.46015625 0.065625 0.034375 0.01953125
1 0.6984375 0.5140625 0.6 0.96328125