6 0.44375 0.10390625 0.615625 0.04140625
6 0.4984375 0.190625 0.825 0.0578125
6 0.4984375 0.434375 0.525 0.02421875
6 0.55078125 0.8328125 0.6296875 0.02578125
6 0.5 0.91953125 0.221875 0.02109375
6 0.7375 0.96875 0.16875 0.01875
6 0.553125 0.9671875 0.1046875 0.021875
6 0.37890625 0.9671875 0.15 0.0203125
6 0.1828125 0.9671875 0.14375 0.021875
4 0.859375 0.9671875 0.0625 0.021875
4 0.8203125 0.10390625 0.090625 0.04921875
4 0.5 0.32421875 0.2453125 0.13828125
7 0.5015625 0.559375 0.728125 0.071875
7 0.50078125 0.65234375 0.7296875 0.071875
7 0.50078125 0.7453125 0.7296875 0.071875