6 0.409375 0.26640625 0.184375 0.015625
6 0.3359375 0.07265625 0.3171875 0.03125
6 0.17890625 0.14453125 0.2140625 0.0171875
6 0.50859375 0.14453125 0.1609375 0.0171875
6 0.82890625 0.14375 0.1953125 0.021875
6 0.20703125 0.2171875 0.0921875 0.01875
6 0.58046875 0.246875 0.4953125 0.01875
6 0.22578125 0.259375 0.1265625 0.02890625
6 0.18046875 0.31484375 0.0453125 0.01875
6 0.3453125 0.35 0.36875 0.02421875
6 0.2171875 0.40703125 0.121875 0.0234375
6 0.27109375 0.4453125 0.225 0.02109375
6 0.24140625 0.4984375 0.1640625 0.01953125
6 0.17421875 0.5296875 0.021875 0.0265625
6 0.6796875 0.4984375 0.0984375 0.01953125
6 0.70625 0.5328125 0.1484375 0.02578125
6 0.690625 0.40703125 0.115625 0.01875
6 0.7453125 0.44609375 0.2234375 0.01953125
3 0.9453125 0.06953125 0.0125 0.0265625
3 0.06796875 0.07109375 0.0421875 0.0234375
4 0.09375 0.24140625 0.0796875 0.04453125
4 0.09453125 0.33359375 0.08125 0.04453125
3 0.0921875 0.4234375 0.0828125 0.04453125
4 0.09453125 0.515625 0.0640625 0.04453125
4 0.56953125 0.515625 0.059375 0.03515625
3 0.46640625 0.53828125 0.021875 0.0125
3 0.93828125 0.53828125 0.0234375 0.0125
3 0.565625 0.42421875 0.078125 0.04453125
7 0.5 0.94453125 0.9453125 0.078125