6 0.27265625 0.56015625 0.290625 0.021875
6 0.22109375 0.45625 0.1859375 0.01953125
6 0.17734375 0.35390625 0.0984375 0.01875
6 0.18359375 0.2515625 0.109375 0.01875
2 0.490625 0.56640625 0.7328125 0.03671875
2 0.490625 0.46484375 0.7328125 0.0359375
2 0.490625 0.3625 0.7328125 0.0359375
6 0.42421875 0.1078125 0.5953125 0.028125
6 0.47734375 0.16484375 0.7046875 0.0453125
6 0.4984375 0.9640625 0.103125 0.01953125
7 0.49921875 0.87109375 0.7296875 0.05546875
2 0.490625 0.26015625 0.734375 0.0359375
5 0.4984375 0.484375 0.884375 0.87109375