6 0.8359375 0.41484375 0.178125 0.01875
6 0.87265625 0.30703125 0.109375 0.01875
6 0.878125 0.19609375 0.1 0.01875
7 0.50078125 0.87578125 0.9015625 0.05078125
6 0.58671875 0.7515625 0.7484375 0.096875
6 0.840625 0.66953125 0.240625 0.0203125
6 0.825 0.61796875 0.2703125 0.02421875
6 0.63359375 0.5734375 0.653125 0.04765625
6 0.82265625 0.51953125 0.2734375 0.02578125
6 0.6296875 0.4671875 0.6625 0.0171875
6 0.12578125 0.41484375 0.0921875 0.0171875
6 0.8640625 0.36640625 0.1890625 0.0203125
6 0.90234375 0.2578125 0.1125 0.01953125
6 0.9078125 0.14765625 0.1046875 0.0203125
3 0.93125 0.07109375 0.040625 0.021875
6 0.771875 0.071875 0.18125 0.01953125
2 0.50078125 0.30546875 0.9234375 0.065625
2 0.5015625 0.19609375 0.921875 0.06640625
2 0.5015625 0.41484375 0.921875 0.06640625