6 0.16953125 0.10390625 0.2203125 0.03515625
6 0.46796875 0.165625 0.821875 0.0578125
4 0.36640625 0.41796875 0.596875 0.36875
3 0.1015625 0.95234375 0.053125 0.0328125
3 0.2984375 0.95234375 0.0609375 0.0296875
4 0.4984375 0.95234375 0.053125 0.03359375
3 0.69609375 0.95234375 0.0546875 0.03125
3 0.89453125 0.95234375 0.0609375 0.034375
6 0.1015625 0.98046875 0.1171875 0.0125
6 0.29921875 0.98046875 0.0875 0.0125
6 0.4984375 0.98046875 0.071875 0.0125
6 0.696875 0.98046875 0.0828125 0.0125
6 0.89609375 0.98046875 0.103125 0.0125