6 0.290625 0.3390625 0.24375 0.0265625
4 0.49921875 0.08671875 0.29375 0.03125
6 0.23203125 0.184375 0.121875 0.02109375
6 0.26328125 0.2625 0.184375 0.02578125
6 0.7046875 0.18515625 0.1265625 0.0265625
6 0.684375 0.26015625 0.0875 0.01953125
6 0.71171875 0.33671875 0.14375 0.0203125
6 0.4984375 0.478125 0.684375 0.0265625
6 0.4984375 0.525 0.7109375 0.0453125
6 0.49921875 0.6046875 0.540625 0.02578125
6 0.1609375 0.68125 0.2609375 0.02890625
6 0.165625 0.97734375 0.159375 0.01953125
6 0.4984375 0.97734375 0.071875 0.01875
6 0.83203125 0.9765625 0.1203125 0.01484375
4 0.56484375 0.18359375 0.0484375 0.0265625
4 0.0953125 0.18359375 0.0328125 0.0265625
4 0.096875 0.25859375 0.0578125 0.0296875
3 0.09375 0.3359375 0.0484375 0.0265625
4 0.5640625 0.26015625 0.053125 0.0203125
4 0.56484375 0.33515625 0.04375 0.02890625
3 0.4984375 0.428125 0.075 0.04296875
3 0.165625 0.95234375 0.040625 0.02265625
3 0.49921875 0.95234375 0.040625 0.02109375
3 0.8328125 0.95234375 0.040625 0.02265625
4 0.4984375 0.8203125 0.9421875 0.21953125