3 0.92421875 0.87890625 0.1484375 0.0203125
3 0.54609375 0.87890625 0.2140625 0.01953125
3 0.1328125 0.87890625 0.2125 0.01953125
6 0.20546875 0.9125 0.3640625 0.0171875
6 0.62265625 0.91328125 0.371875 0.01640625
6 0.925 0.9109375 0.146875 0.0140625
6 0.9234375 0.82734375 0.15 0.0515625
6 0.6234375 0.82890625 0.371875 0.05546875
6 0.18359375 0.8265625 0.3140625 0.05234375
3 0.81640625 0.49140625 0.2140625 0.01953125
4 0.853125 0.296875 0.290625 0.21015625
6 0.9203125 0.61875 0.109375 0.01484375
4 0.63046875 0.72265625 0.3890625 0.13125
4 0.92421875 0.7234375 0.1484375 0.1296875
4 0.21953125 0.72265625 0.3890625 0.13125
6 0.5390625 0.5015625 0.20625 0.0125
6 0.85234375 0.43203125 0.284375 0.01640625
6 0.159375 0.6140625 0.2640625 0.02265625
6 0.80546875 0.521875 0.1859375 0.02265625
6 0.1296875 0.53125 0.2046875 0.0234375
3 0.1328125 0.5015625 0.215625 0.0203125
6 0.2609375 0.4515625 0.475 0.05546875
6 0.9203125 0.153125 0.109375 0.01484375
6 0.2953125 0.15078125 0.54375 0.0296875
4 0.3515625 0.296875 0.65625 0.21015625
6 0.1 0.99140625 0.0859375 0.01484375
6 0.3 0.990625 0.09375 0.0125
6 0.5 0.99140625 0.109375 0.01484375
6 0.7 0.99140625 0.109375 0.01484375
6 0.90078125 0.99140625 0.0765625 0.0125
3 0.90078125 0.959375 0.0515625 0.0296875
3 0.69921875 0.96015625 0.0734375 0.03125
3 0.50078125 0.959375 0.059375 0.0328125
3 0.29921875 0.959375 0.065625 0.03359375
3 0.1 0.959375 0.0640625 0.0359375
3 0.9390625 0.06796875 0.053125 0.02890625
3 0.81484375 0.06875 0.071875 0.0296875
6 0.1578125 0.06953125 0.1328125 0.02109375
3 0.0609375 0.07109375 0.05625 0.0265625