6 0.26953125 0.421875 0.403125 0.0265625
7 0.49921875 0.73359375 0.921875 0.06484375
7 0.4984375 0.65234375 0.921875 0.06796875
6 0.47109375 0.96640625 0.8640625 0.06484375
6 0.490625 0.88359375 0.9015625 0.046875
6 0.49921875 0.5921875 0.06875 0.0203125
7 0.4984375 0.509375 0.921875 0.06875
2 0.4984375 0.4203125 0.921875 0.065625
6 0.49921875 0.34375 0.8484375 0.0421875
4 0.5875 0.171875 0.4453125 0.084375
4 0.26875 0.159375 0.159375 0.1015625
7 0.871875 0.06875 0.215625 0.05078125
0 0.49921875 0.515625 0.9984375 0.96640625