6 0.6625 0.0890625 0.3171875 0.02734375
6 0.90390625 0.88828125 0.1140625 0.01875
6 0.82578125 0.8375 0.271875 0.0453125
3 0.54921875 0.8234375 0.0515625 0.02578125
4 0.740625 0.6734375 0.440625 0.2484375
6 0.42265625 0.88828125 0.1125 0.0171875
6 0.325 0.83671875 0.3109375 0.0453125
3 0.06953125 0.8234375 0.05 0.02421875
4 0.2609375 0.67265625 0.4421875 0.2484375
6 0.4234375 0.49140625 0.1140625 0.01953125
6 0.37265625 0.440625 0.215625 0.046875
3 0.06875 0.42734375 0.0484375 0.02421875
4 0.26015625 0.2765625 0.440625 0.2484375
6 0.903125 0.49140625 0.1140625 0.01953125
6 0.82734375 0.440625 0.26875 0.046875
3 0.5484375 0.42734375 0.05 0.02421875
4 0.73984375 0.2765625 0.440625 0.2484375
3 0.884375 0.0859375 0.0421875 0.02421875
2 0.5015625 0.08671875 0.921875 0.065625
3 0.89921875 0.9609375 0.046875 0.0234375
3 0.70234375 0.959375 0.04375 0.02421875
3 0.5015625 0.9609375 0.05 0.02578125
3 0.30390625 0.9609375 0.05 0.028125
3 0.1015625 0.9609375 0.05 0.028125