3 0.11171875 0.2640625 0.0578125 0.0296875
3 0.06015625 0.07109375 0.0546875 0.0265625
4 0.178125 0.1453125 0.278125 0.08671875
7 0.446875 0.15390625 0.2171875 0.04453125
4 0.178125 0.33359375 0.278125 0.2203125
3 0.4609375 0.35703125 0.2421875 0.02265625
7 0.446875 0.41015625 0.2171875 0.04453125
6 0.5984375 0.284375 0.5203125 0.08671875
6 0.81796875 0.35703125 0.2359375 0.01484375
6 0.834375 0.41953125 0.2 0.02109375
6 0.621875 0.54140625 0.5671875 0.0859375
3 0.4609375 0.61171875 0.2421875 0.02265625
6 0.834375 0.61328125 0.2046875 0.01484375
3 0.11171875 0.5203125 0.0578125 0.02890625
4 0.178125 0.58984375 0.278125 0.21953125
7 0.446875 0.6671875 0.21875 0.04453125
6 0.834375 0.675 0.2 0.02109375
6 0.61328125 0.7796875 0.5484375 0.05234375
3 0.4609375 0.83359375 0.2421875 0.02265625
6 0.83125 0.83359375 0.2078125 0.01484375
7 0.446875 0.91328125 0.2171875 0.04453125
6 0.83359375 0.92109375 0.2 0.021875
3 0.11171875 0.7765625 0.0578125 0.0296875
4 0.178125 0.840625 0.278125 0.21015625
3 0.93984375 0.07109375 0.0578125 0.0265625
6 0.84296875 0.16328125 0.1859375 0.02109375