6 0.1921875 0.55078125 0.184375 0.01953125
6 0.2046875 0.44921875 0.215625 0.01953125
6 0.7265625 0.79296875 0.1453125 0.02109375
2 0.49921875 0.5578125 0.8265625 0.03515625
2 0.5 0.45625 0.825 0.03515625
6 0.49921875 0.20078125 0.8078125 0.0359375
6 0.5 0.375 0.0359375 0.01328125
6 0.5 0.715625 0.3921875 0.021875
6 0.409375 0.790625 0.4484375 0.01875
3 0.871875 0.10390625 0.1 0.05625
7 0.3078125 0.30078125 0.365625 0.06640625
7 0.690625 0.30078125 0.365625 0.06640625
7 0.4984375 0.64296875 0.278125 0.065625
3 0.8625 0.55703125 0.05625 0.02734375