6 0.25625 0.575 0.2734375 0.021875
6 0.30546875 0.48828125 0.3671875 0.01875
2 0.5 0.49765625 0.93125 0.03984375
2 0.5 0.58203125 0.928125 0.04140625
4 0.50078125 0.06640625 0.171875 0.02265625
6 0.94140625 0.06875 0.0640625 0.0171875
6 0.50078125 0.1734375 0.4078125 0.0265625
6 0.49921875 0.23046875 0.6734375 0.02265625
6 0.49921875 0.3953125 0.04375 0.0140625
6 0.925 0.5734375 0.0703125 0.01328125
6 0.5015625 0.84453125 0.746875 0.021875
7 0.4984375 0.915625 0.928125 0.0625
7 0.4984375 0.73125 0.928125 0.0625
6 0.196875 0.6484375 0.321875 0.0171875
3 0.0375 0.06640625 0.025 0.02265625
7 0.5 0.3171875 0.928125 0.0625
3 0.059375 0.4875 0.05 0.01953125
4 0.0609375 0.575 0.05 0.02734375