6 0.61328125 0.3921875 0.171875 0.01953125
6 0.1625 0.39375 0.246875 0.02421875
6 0.11953125 0.71875 0.1640625 0.01875
6 0.621875 0.71875 0.1953125 0.01875
4 0.25625 0.8796875 0.465625 0.23828125
4 0.74453125 0.8796875 0.4671875 0.2390625
4 0.74453125 0.565625 0.4671875 0.2625
4 0.25703125 0.565625 0.4640625 0.2625
4 0.74375 0.23984375 0.465625 0.26171875
4 0.25625 0.23984375 0.465625 0.26171875
3 0.05390625 0.0640625 0.0609375 0.03515625
4 0.49921875 0.065625 0.2546875 0.034375
7 0.8890625 0.0625 0.196875 0.03125