3 0.06875 0.07109375 0.040625 0.02265625
6 0.2484375 0.14296875 0.1296875 0.01875
6 0.75 0.1421875 0.3203125 0.0171875
2 0.49921875 0.25 0.9046875 0.0359375
6 0.20703125 0.24375 0.3109375 0.02265625
3 0.9015625 0.3265625 0.05625 0.02734375
2 0.4984375 0.33203125 0.903125 0.0359375
6 0.15625 0.325 0.209375 0.021875
3 0.9015625 0.409375 0.05625 0.02734375
2 0.49921875 0.4140625 0.9046875 0.0359375
6 0.24765625 0.40703125 0.396875 0.021875
6 0.40390625 0.4796875 0.734375 0.0203125
7 0.5 0.54765625 0.903125 0.05078125
6 0.5015625 0.63125 0.85625 0.04765625