6 0.6703125 0.38203125 0.559375 0.0265625
6 0.7203125 0.26640625 0.4578125 0.02734375
6 0.23828125 0.0734375 0.3578125 0.0234375
6 0.6734375 0.1390625 0.553125 0.03359375
6 0.8859375 0.21875 0.128125 0.015625
6 0.8453125 0.33359375 0.209375 0.015625
6 0.5 0.55078125 0.0359375 0.01015625
6 0.509375 0.6890625 0.3953125 0.02421875
3 0.93359375 0.07109375 0.0421875 0.0234375
3 0.10859375 0.37890625 0.05625 0.02734375
2 0.50546875 0.265625 0.8953125 0.0421875
2 0.50546875 0.384375 0.8953125 0.03671875
7 0.50078125 0.48671875 0.8828125 0.06171875
7 0.50078125 0.6078125 0.884375 0.06171875