6 0.89921875 0.90703125 0.0625 0.0234375
6 0.89921875 0.865625 0.0703125 0.01640625
6 0.89921875 0.39609375 0.0625 0.02265625
6 0.89921875 0.3546875 0.0625 0.01640625
4 0.50078125 0.6828125 0.9234375 0.259375
6 0.46484375 0.89296875 0.746875 0.06875
3 0.13125 0.8125 0.115625 0.065625
3 0.2625 0.81328125 0.1171875 0.06484375
6 0.496875 0.46484375 0.678125 0.05625
6 0.471875 0.37890625 0.7296875 0.06484375
3 0.1328125 0.3015625 0.11875 0.065625
3 0.26484375 0.30234375 0.1171875 0.065625
4 0.5 0.171875 0.921875 0.259375
3 0.9 0.96640625 0.05 0.028125
3 0.7015625 0.96640625 0.05 0.02734375
3 0.5 0.965625 0.05 0.02421875
3 0.3015625 0.96640625 0.0421875 0.02890625
3 0.10078125 0.96640625 0.0125 0.02265625