3 0.89921875 0.96015625 0.0515625 0.02890625
3 0.696875 0.96015625 0.05 0.02890625
3 0.49921875 0.96015625 0.0515625 0.0265625
3 0.29765625 0.96015625 0.04375 0.02421875
3 0.09921875 0.9609375 0.046875 0.0234375
6 0.178125 0.90234375 0.275 0.0203125
6 0.171875 0.82578125 0.2625 0.02109375
6 0.1703125 0.7515625 0.259375 0.02578125
6 0.1875 0.67265625 0.2953125 0.0203125
6 0.16328125 0.59765625 0.246875 0.02578125
6 0.18203125 0.51953125 0.2859375 0.01953125
4 0.49921875 0.2953125 0.9984375 0.371875
6 0.28203125 0.071875 0.2140625 0.0234375
3 0.0671875 0.07109375 0.040625 0.02265625