4 0.16015625 0.2453125 0.24375 0.20546875
4 0.16015625 0.5328125 0.24375 0.20546875
4 0.16015625 0.81875 0.24375 0.20625
6 0.6359375 0.8828125 0.6140625 0.04765625
6 0.64140625 0.7625 0.625 0.07265625
6 0.53203125 0.66015625 0.4 0.01953125
6 0.60625 0.59609375 0.5546875 0.0453125
6 0.56640625 0.47265625 0.475 0.06796875
6 0.615625 0.37421875 0.56875 0.01953125
6 0.6375 0.309375 0.6109375 0.046875
6 0.64296875 0.1875 0.6203125 0.065625
6 0.2390625 0.0875 0.396875 0.0265625
3 0.0984375 0.96640625 0.05 0.028125
3 0.29921875 0.965625 0.0484375 0.028125
3 0.49921875 0.965625 0.0515625 0.02578125
3 0.69921875 0.96640625 0.040625 0.02890625
3 0.89921875 0.96640625 0.0125 0.02265625