6 0.28828125 0.9828125 0.5078125 0.03359375
3 0.05078125 0.82421875 0.0328125 0.02265625
3 0.0515625 0.88359375 0.034375 0.01875
3 0.31796875 0.884375 0.021875 0.00859375
6 0.190625 0.88515625 0.2078125 0.0203125
6 0.46953125 0.82265625 0.7671875 0.04375
6 0.1421875 0.75625 0.2078125 0.01640625
6 0.4828125 0.67421875 0.896875 0.09921875
4 0.62265625 0.57578125 0.059375 0.034375
3 0.86328125 0.5765625 0.0578125 0.0328125
6 0.9296875 0.58046875 0.0515625 0.015625
6 0.72109375 0.57890625 0.1140625 0.0171875
7 0.1421875 0.57890625 0.2125 0.0453125
3 0.84765625 0.5328125 0.215625 0.0203125
3 0.915625 0.45703125 0.071875 0.03515625
6 0.3046875 0.4375 0.5234375 0.09765625
3 0.06015625 0.0703125 0.0515625 0.02421875
3 0.93984375 0.07109375 0.0578125 0.02734375
4 0.4984375 0.26796875 0.996875 0.4703125