6 0.50078125 0.07265625 0.371875 0.0203125
6 0.49921875 0.59765625 0.559375 0.1
6 0.5015625 0.87578125 0.6171875 0.02421875
6 0.87578125 0.9796875 0.0828125 0.0140625
6 0.625 0.9796875 0.071875 0.01484375
6 0.3765625 0.9796875 0.121875 0.0140625
6 0.125 0.9796875 0.1 0.0140625
7 0.5 0.80546875 0.8140625 0.06171875
3 0.87578125 0.94296875 0.0765625 0.03828125
3 0.6265625 0.94296875 0.075 0.0375
4 0.375 0.94296875 0.05625 0.03984375
3 0.1265625 0.94296875 0.0671875 0.0375
4 0.5 0.37265625 0.5421875 0.2875