6 0.37421875 0.3890625 0.203125 0.01953125
6 0.87578125 0.3890625 0.1734375 0.0203125
6 0.809375 0.7140625 0.303125 0.0203125
6 0.4078125 0.7140625 0.134375 0.0203125
4 0.25625 0.878125 0.465625 0.2421875
4 0.74375 0.878125 0.465625 0.2421875
4 0.74296875 0.56171875 0.4640625 0.26171875
4 0.2546875 0.56171875 0.465625 0.26171875
4 0.25546875 0.23671875 0.4671875 0.26171875
4 0.74375 0.23671875 0.465625 0.26171875
3 0.946875 0.0640625 0.0609375 0.034375
4 0.5015625 0.065625 0.25625 0.034375
7 0.109375 0.0625 0.196875 0.03125