3 0.92421875 0.85234375 0.1484375 0.0203125
3 0.5453125 0.88671875 0.215625 0.0203125
3 0.13203125 0.853125 0.2140625 0.01953125
6 0.196875 0.90078125 0.35 0.04765625
6 0.628125 0.9203125 0.378125 0.01875
6 0.925 0.90078125 0.146875 0.04765625
6 0.92578125 0.81953125 0.146875 0.021875
6 0.56484375 0.83671875 0.2515625 0.05625
6 0.15625 0.81953125 0.265625 0.021875
3 0.8171875 0.48828125 0.215625 0.0203125
6 0.9203125 0.62578125 0.109375 0.015625
6 0.528125 0.48828125 0.228125 0.0140625
6 0.84765625 0.43125 0.2734375 0.02109375
6 0.8 0.5390625 0.178125 0.0234375
7 0.81875 0.365625 0.165625 0.028125
6 0.22734375 0.62421875 0.3984375 0.0296875
6 0.78046875 0.515625 0.1453125 0.01640625
6 0.128125 0.51953125 0.2015625 0.02265625
3 0.1328125 0.4890625 0.215625 0.0203125
6 0.2140625 0.43125 0.375 0.021875
6 0.91875 0.15078125 0.109375 0.015625
6 0.20234375 0.14921875 0.3578125 0.0296875
6 0.1 0.99140625 0.0859375 0.01484375
6 0.3015625 0.99140625 0.09375 0.0125
6 0.50078125 0.99140625 0.1078125 0.01484375
6 0.70078125 0.99140625 0.109375 0.01484375
6 0.9 0.99140625 0.075 0.0125
3 0.9 0.959375 0.053125 0.03046875
3 0.7 0.959375 0.075 0.0328125
3 0.50078125 0.959375 0.059375 0.03359375
3 0.29921875 0.959375 0.065625 0.034375
3 0.1 0.959375 0.0640625 0.0359375
3 0.93984375 0.06796875 0.0515625 0.0296875
3 0.8140625 0.06875 0.0703125 0.0296875
3 0.0609375 0.07109375 0.05625 0.0265625
6 0.15859375 0.0703125 0.134375 0.021875
4 0.853125 0.29453125 0.290625 0.21171875
4 0.63046875 0.73046875 0.3890625 0.13125
4 0.21875 0.73046875 0.390625 0.13125
4 0.92421875 0.7296875 0.1484375 0.12890625
4 0.35234375 0.29453125 0.6578125 0.21171875