3 0.071875 0.071875 0.065625 0.03046875
3 0.90234375 0.071875 0.04375 0.0234375
6 0.684375 0.07421875 0.325 0.028125
4 0.8375 0.17421875 0.1703125 0.09609375
6 0.49609375 0.1546875 0.4703125 0.05234375
6 0.67421875 0.21171875 0.103125 0.01875
6 0.50390625 0.296875 0.834375 0.0828125
6 0.734375 0.375 0.278125 0.01640625
6 0.6171875 0.421875 0.515625 0.02265625
6 0.653125 0.4671875 0.440625 0.02265625
4 0.8375 0.59453125 0.15625 0.09296875
6 0.41484375 0.56796875 0.6265625 0.02734375
6 0.66640625 0.60390625 0.125 0.01953125
6 0.50703125 0.71328125 0.83125 0.08203125
6 0.61328125 0.79453125 0.521875 0.021875
6 0.625 0.83984375 0.4953125 0.02109375
6 0.61796875 0.884375 0.5078125 0.021875
3 0.62578125 0.9421875 0.0734375 0.03671875
4 0.37578125 0.9421875 0.0515625 0.03671875
3 0.875 0.94375 0.075 0.0375
3 0.1265625 0.94296875 0.0671875 0.03671875
6 0.625 0.9796875 0.071875 0.01484375
6 0.87421875 0.9796875 0.08125 0.0140625
6 0.37578125 0.98046875 0.121875 0.01328125
6 0.125 0.98046875 0.1 0.01328125
2 0.54609375 0.071875 0.834375 0.05625