6 0.58125 0.0609375 0.484375 0.0265625
6 0.5109375 0.0890625 0.63125 0.0171875
6 0.16171875 0.15703125 0.0578125 0.0125
6 0.4953125 0.15703125 0.0828125 0.0125
6 0.834375 0.1578125 0.0703125 0.0125
6 0.640625 0.4953125 0.603125 0.02578125
6 0.678125 0.54296875 0.5265625 0.021875
6 0.16484375 0.53828125 0.1515625 0.0265625
6 0.16484375 0.96484375 0.1515625 0.0265625
6 0.715625 0.96640625 0.446875 0.02578125
3 0.05625 0.06953125 0.0125 0.0265625
3 0.2234375 0.05703125 0.0390625 0.0203125
3 0.93203125 0.07109375 0.0421875 0.0234375
3 0.834375 0.13515625 0.05625 0.02734375
4 0.49609375 0.13203125 0.05 0.028125
3 0.16171875 0.1328125 0.0484375 0.028125
4 0.50078125 0.321875 0.9625 0.27421875
7 0.575 0.6 0.2703125 0.046875
3 0.8453125 0.6 0.190625 0.01875
4 0.5015625 0.7921875 0.9609375 0.2734375