6 0.690625 0.15 0.1734375 0.02109375
6 0.90078125 0.97890625 0.0875 0.0140625
6 0.7 0.978125 0.1359375 0.01484375
6 0.50234375 0.978125 0.1046875 0.015625
6 0.3015625 0.97890625 0.053125 0.0140625
6 0.1015625 0.978125 0.0640625 0.01484375
3 0.10390625 0.94921875 0.05625 0.03046875
3 0.3015625 0.95 0.05 0.0296875
3 0.50078125 0.95 0.0515625 0.028125
3 0.7 0.94921875 0.05 0.02578125
3 0.9 0.95 0.05 0.028125
6 0.046875 0.4984375 0.0921875 0.01484375
6 0.14765625 0.4703125 0.1984375 0.02109375
3 0.175 0.49609375 0.1453125 0.015625
4 0.3046875 0.4796875 0.0984375 0.0546875
4 0.1828125 0.321875 0.3625 0.24921875
6 0.60234375 0.4984375 0.1796875 0.01484375
6 0.75859375 0.8640625 0.3703125 0.0640625
6 0.30234375 0.8640625 0.321875 0.0640625
4 0.2609375 0.715625 0.4421875 0.19609375
4 0.740625 0.71484375 0.44375 0.196875
6 0.50078125 0.578125 0.39375 0.01953125
4 0.903125 0.4796875 0.0921875 0.03671875
6 0.759375 0.46875 0.16875 0.0171875
3 0.7734375 0.49609375 0.1453125 0.015625
3 0.4609375 0.4796875 0.05 0.02578125
4 0.68125 0.321875 0.5625 0.24921875
6 0.90390625 0.15078125 0.128125 0.01953125
6 0.903125 0.07421875 0.11875 0.0328125