6 0.18046875 0.1828125 0.0390625 0.034375
6 0.4984375 0.1828125 0.0390625 0.034375
6 0.815625 0.1828125 0.040625 0.034375
6 0.146875 0.071875 0.24375 0.0234375
6 0.25390625 0.359375 0.396875 0.0359375
6 0.2078125 0.4484375 0.2578125 0.02265625
6 0.1984375 0.5265625 0.2359375 0.02265625
6 0.2140625 0.60390625 0.2671875 0.02265625
6 0.2046875 0.68046875 0.2484375 0.01953125
6 0.2203125 0.75859375 0.2796875 0.01875
6 0.2078125 0.8359375 0.2546875 0.0171875
6 0.08203125 0.9828125 0.0671875 0.0125
6 0.25078125 0.984375 0.096875 0.015625
6 0.41640625 0.9828125 0.0859375 0.0125
6 0.584375 0.9828125 0.0671875 0.0125
6 0.75078125 0.984375 0.1125 0.01484375
6 0.915625 0.9828125 0.0375 0.0125
6 0.18203125 0.2265625 0.109375 0.01875
6 0.4984375 0.2265625 0.109375 0.01875
6 0.815625 0.228125 0.15625 0.02109375
3 0.8234375 0.07109375 0.0421875 0.03125
3 0.940625 0.07109375 0.034375 0.0234375
4 0.49765625 0.1953125 0.9515625 0.14609375
3 0.875 0.4453125 0.0421875 0.0453125
3 0.875 0.52265625 0.0421875 0.04453125
3 0.875 0.60078125 0.0421875 0.04453125
3 0.875 0.67890625 0.0421875 0.04453125
3 0.875 0.7578125 0.0421875 0.04453125
3 0.8921875 0.85703125 0.1375 0.0765625
3 0.915625 0.94453125 0.059375 0.03359375
3 0.74921875 0.94453125 0.0546875 0.0328125
3 0.58203125 0.94453125 0.0671875 0.0296875
4 0.415625 0.94453125 0.0671875 0.040625
3 0.2484375 0.94375 0.059375 0.0296875
3 0.0828125 0.94453125 0.0625 0.03046875