4 0.72890625 0.9140625 0.4203125 0.0140625
4 0.2734375 0.9140625 0.4171875 0.0140625
6 0.7640625 0.07109375 0.1203125 0.02265625
6 0.203125 0.1421875 0.2359375 0.0171875
6 0.5 0.1421875 0.1203125 0.0171875
6 0.796875 0.1421875 0.1125 0.0171875
6 0.703125 0.21015625 0.465625 0.02578125
6 0.72734375 0.4078125 0.171875 0.034375
6 0.27265625 0.40703125 0.2015625 0.03046875
6 0.728125 0.63125 0.228125 0.03046875
6 0.27265625 0.63046875 0.246875 0.03125
6 0.728125 0.85625 0.284375 0.034375
6 0.27265625 0.85625 0.3734375 0.034375
6 0.30859375 0.97734375 0.0921875 0.0171875
3 0.103125 0.95703125 0.0453125 0.02578125
3 0.309375 0.95 0.0515625 0.028125
3 0.51484375 0.95703125 0.059375 0.0296875
3 0.7125 0.9609375 0.05 0.0265625
3 0.90390625 0.96015625 0.05 0.02578125
4 0.728125 0.75546875 0.415625 0.1453125
4 0.27265625 0.75546875 0.41875 0.1453125
4 0.728125 0.53125 0.41875 0.146875
4 0.271875 0.53125 0.4203125 0.146875
4 0.27265625 0.3078125 0.41875 0.146875
4 0.72890625 0.3078125 0.4171875 0.146875
3 0.1765625 0.07109375 0.0453125 0.0265625
3 0.0625 0.07109375 0.05 0.02890625
3 0.93203125 0.07109375 0.05 0.028125