6 0.55703125 0.10390625 0.6171875 0.04140625
6 0.50078125 0.19140625 0.8265625 0.05859375
6 0.49921875 0.434375 0.3328125 0.02421875
6 0.44921875 0.8328125 0.6296875 0.02578125
6 0.49921875 0.91953125 0.221875 0.0203125
6 0.8171875 0.9671875 0.14375 0.021875
6 0.62109375 0.9671875 0.15 0.0203125
6 0.44609375 0.9671875 0.103125 0.021875
6 0.2625 0.96875 0.1703125 0.01953125
4 0.140625 0.9671875 0.0625 0.021875
4 0.17890625 0.1046875 0.0890625 0.0484375
4 0.5 0.32421875 0.2453125 0.13828125
7 0.49921875 0.559375 0.7296875 0.071875
7 0.49921875 0.65234375 0.7296875 0.071875
7 0.49921875 0.7453125 0.7296875 0.071875