6 0.53515625 0.18125 0.409375 0.0203125
6 0.49609375 0.40703125 0.334375 0.01640625
6 0.54765625 0.51171875 0.434375 0.0203125
6 0.23984375 0.76640625 0.3984375 0.0265625
3 0.1 0.96640625 0.046875 0.02734375
3 0.29921875 0.96640625 0.0484375 0.02734375
3 0.5 0.965625 0.05 0.02578125
3 0.69921875 0.96640625 0.040625 0.02890625
3 0.89921875 0.96640625 0.0125 0.02265625
6 0.64375 0.865625 0.6171875 0.06796875
4 0.159375 0.878125 0.2453125 0.11171875
3 0.940625 0.5796875 0.0484375 0.02421875
6 0.421875 0.55 0.1828125 0.01640625
6 0.6421875 0.46640625 0.621875 0.0296875
4 0.1609375 0.51171875 0.2453125 0.13828125
3 0.93984375 0.39296875 0.0515625 0.0265625
6 0.54296875 0.36875 0.425 0.0203125
6 0.571875 0.29921875 0.4828125 0.06640625
4 0.1609375 0.325 0.2453125 0.13828125
3 0.940625 0.20703125 0.0515625 0.02578125
6 0.590625 0.22109375 0.521875 0.0203125
6 0.51015625 0.1125 0.359375 0.06640625
4 0.16015625 0.13828125 0.24375 0.13828125