6 0.8515625 0.3265625 0.2109375 0.02265625
6 0.8015625 0.23828125 0.3109375 0.021875
2 0.50078125 0.3328125 0.9234375 0.03671875
6 0.58203125 0.0734375 0.5453125 0.02734375
6 0.74375 0.15 0.434375 0.02578125
6 0.81015625 0.39609375 0.3015625 0.021875
6 0.5 0.4453125 0.05 0.0171875
7 0.75078125 0.9609375 0.4984375 0.0765625
7 0.25078125 0.9609375 0.4984375 0.0765625
3 0.0890625 0.32890625 0.05625 0.02734375
3 0.9328125 0.07109375 0.040625 0.0234375
2 0.50078125 0.24453125 0.9234375 0.0359375
7 0.50078125 0.51328125 0.921875 0.06640625
7 0.50078125 0.6015625 0.921875 0.06875