6 0.153125 0.75078125 0.2125 0.01640625
6 0.21796875 0.68046875 0.3359375 0.0203125
6 0.12578125 0.61484375 0.153125 0.02421875
6 0.09296875 0.54609375 0.0859375 0.02578125
6 0.13125 0.47578125 0.1625 0.01953125
6 0.20703125 0.3375 0.1421875 0.01875
6 0.17109375 0.40703125 0.0703125 0.01953125
3 0.078125 0.40546875 0.0515625 0.0203125
4 0.07890625 0.33671875 0.0609375 0.015625
6 0.23671875 0.25078125 0.3796875 0.04765625
7 0.38046875 0.16640625 0.325 0.0625
3 0.91875 0.06484375 0.0546875 0.03046875
3 0.12109375 0.16640625 0.146875 0.0828125
3 0.059375 0.065625 0.0484375 0.0203125
1 0.30390625 0.5484375 0.6078125 0.90078125