6 0.515625 0.58671875 0.2828125 0.0171875
6 0.8984375 0.41640625 0.1171875 0.01953125
6 0.77734375 0.32421875 0.3625 0.0234375
7 0.50078125 0.6875 0.9234375 0.075
4 0.840625 0.90703125 0.05625 0.0296875
6 0.453125 0.915625 0.6609375 0.0234375
6 0.93984375 0.4890625 0.04375 0.015625
6 0.8265625 0.53828125 0.2640625 0.01484375
3 0.7171875 0.58671875 0.0234375 0.0078125
6 0.7828125 0.58671875 0.071875 0.02109375
4 0.909375 0.5859375 0.0609375 0.034375
2 0.3546875 0.59296875 0.609375 0.0296875
2 0.5015625 0.421875 0.921875 0.0328125
2 0.5015625 0.32890625 0.921875 0.0328125
6 0.559375 0.20859375 0.8078125 0.0625
3 0.93203125 0.071875 0.046875 0.01953125
6 0.5015625 0.0734375 0.4 0.0234375