6 0.49921875 0.85078125 0.684375 0.01953125
6 0.5 0.81171875 0.4640625 0.01953125
4 0.4984375 0.18203125 0.246875 0.13984375
3 0.93984375 0.07109375 0.046875 0.02421875
3 0.821875 0.06953125 0.046875 0.0296875
6 0.246875 0.071875 0.1421875 0.0203125
3 0.06796875 0.071875 0.0421875 0.02265625
6 0.27421875 0.42734375 0.2625 0.01875
7 0.4984375 0.690625 0.734375 0.0625
6 0.578125 0.5578125 0.153125 0.015625
6 0.20390625 0.61328125 0.1390625 0.0203125
6 0.21953125 0.5578125 0.175 0.01640625
6 0.24453125 0.4984375 0.221875 0.02109375
6 0.5 0.34453125 0.4359375 0.01875
3 0.85625 0.31484375 0.034375 0.01953125
2 0.49921875 0.42890625 0.715625 0.04140625
5 0.4984375 0.515625 0.85 0.478125