3 0.1015625 0.9609375 0.05 0.028125
3 0.303125 0.9609375 0.05 0.028125
3 0.5015625 0.96015625 0.05 0.02578125
3 0.7015625 0.96015625 0.040625 0.0234375
3 0.90078125 0.96015625 0.046875 0.02265625
4 0.740625 0.86640625 0.4421875 0.1125
4 0.26171875 0.7984375 0.44375 0.24765625
6 0.85390625 0.75546875 0.2140625 0.01953125
6 0.80859375 0.7296875 0.303125 0.021875
6 0.3484375 0.6203125 0.2640625 0.01875
6 0.275 0.59375 0.4109375 0.02265625
4 0.26171875 0.4375 0.44375 0.24921875
4 0.740625 0.540625 0.4421875 0.31171875
6 0.84765625 0.33203125 0.2234375 0.01953125
6 0.87265625 0.30234375 0.1734375 0.01875
4 0.740625 0.15234375 0.44375 0.23984375
6 0.3734375 0.25859375 0.2140625 0.01875
6 0.384375 0.23203125 0.1921875 0.021875
4 0.2609375 0.115625 0.4421875 0.16796875