6 0.921875 0.071875 0.1140625 0.015625
6 0.63828125 0.1484375 0.16875 0.02265625
6 0.721875 0.19765625 0.409375 0.04296875
6 0.85390625 0.2765625 0.1640625 0.02109375
6 0.6375 0.35390625 0.16875 0.02265625
6 0.72734375 0.40546875 0.4125 0.046875
6 0.853125 0.4828125 0.1640625 0.01953125
6 0.6078125 0.559375 0.1046875 0.0234375
6 0.69453125 0.61015625 0.353125 0.04296875
6 0.8421875 0.6890625 0.184375 0.02109375
6 0.6375 0.765625 0.146875 0.0234375
6 0.72421875 0.81796875 0.409375 0.046875
6 0.84296875 0.8953125 0.1859375 0.021875
6 0.628125 0.971875 0.146875 0.0234375
4 0.253125 0.97109375 0.45625 0.05546875
4 0.25234375 0.83515625 0.4578125 0.19296875
4 0.25234375 0.62890625 0.4578125 0.1921875
4 0.25234375 0.421875 0.4578125 0.1921875
4 0.25234375 0.21640625 0.4578125 0.19296875
3 0.06875 0.07109375 0.040625 0.02265625
3 0.7859375 0.07109375 0.0453125 0.02421875
3 0.53125 0.14609375 0.0265625 0.0140625
3 0.9109375 0.146875 0.05 0.0265625
3 0.9109375 0.353125 0.05 0.0265625
3 0.53203125 0.35234375 0.025 0.0140625
3 0.9109375 0.55859375 0.05 0.02578125
3 0.53203125 0.55859375 0.025 0.0140625
3 0.5359375 0.7640625 0.03125 0.015625
3 0.91015625 0.76484375 0.0515625 0.0265625
3 0.91015625 0.97109375 0.0515625 0.0265625
3 0.53125 0.97109375 0.0265625 0.0140625