6 0.13671875 0.43828125 0.14375 0.0140625
6 0.103125 0.36953125 0.078125 0.0140625
2 0.4984375 0.43828125 0.921875 0.05546875
2 0.4984375 0.36875 0.921875 0.05546875
4 0.4984375 0.12890625 0.3203125 0.03515625
6 0.49765625 0.17421875 0.3296875 0.01953125
6 0.49765625 0.30703125 0.11875 0.01953125
6 0.83984375 0.490625 0.240625 0.015625
6 0.49921875 0.60703125 0.034375 0.0125
7 0.4984375 0.72421875 0.921875 0.05546875
6 0.496875 0.959375 0.690625 0.03359375
7 0.2640625 0.659375 0.453125 0.05546875
7 0.734375 0.659375 0.4515625 0.05546875
7 0.4984375 0.55078125 0.921875 0.05546875