6 0.2203125 0.071875 0.1515625 0.02109375
6 0.75390625 0.071875 0.13125 0.015625
6 0.321875 0.1671875 0.4046875 0.01640625
6 0.37421875 0.19765625 0.5125 0.01875
6 0.17578125 0.27890625 0.271875 0.01640625
6 0.10625 0.3515625 0.134375 0.015625
6 0.0765625 0.4265625 0.075 0.01640625
6 0.08125 0.50390625 0.0828125 0.0203125
6 0.1390625 0.5875 0.203125 0.015625
6 0.3015625 0.653125 0.225 0.01640625
6 0.57265625 0.6921875 0.771875 0.03671875
6 0.30078125 0.77265625 0.2234375 0.02109375
6 0.4640625 0.79921875 0.55 0.01953125
6 0.27578125 0.86484375 0.1734375 0.0171875
6 0.528125 0.90390625 0.678125 0.03828125
6 0.69921875 0.9796875 0.109375 0.01328125
6 0.8984375 0.9796875 0.0609375 0.01328125
6 0.4984375 0.97890625 0.090625 0.0140625
6 0.29921875 0.97890625 0.1234375 0.0140625
6 0.09921875 0.9796875 0.0796875 0.01328125
3 0.546875 0.0703125 0.0390625 0.0296875
3 0.90234375 0.07109375 0.0265625 0.0078125
3 0.090625 0.07109375 0.0515625 0.028125
4 0.06484375 0.18046875 0.0484375 0.028125
3 0.09921875 0.95 0.05625 0.0296875
3 0.3 0.95 0.059375 0.0296875
3 0.4984375 0.95 0.05625 0.03125
3 0.6984375 0.95 0.05 0.03125
3 0.89921875 0.95 0.0578125 0.0265625
4 0.09375 0.88828125 0.11875 0.06640625
4 0.09375 0.7828125 0.11875 0.065625
4 0.09453125 0.675 0.1171875 0.06484375
2 0.4984375 0.07109375 0.921875 0.0546875