6 0.165625 0.97734375 0.1203125 0.01640625
6 0.49921875 0.97734375 0.096875 0.01640625
6 0.83359375 0.97734375 0.10625 0.01640625
3 0.83203125 0.95 0.03125 0.02109375
3 0.49921875 0.95 0.04375 0.01953125
3 0.16640625 0.95078125 0.0390625 0.021875
6 0.73984375 0.70078125 0.1234375 0.0234375
6 0.259375 0.7015625 0.1875 0.02265625
6 0.7390625 0.34296875 0.18125 0.0234375
6 0.259375 0.34296875 0.25 0.021875
6 0.21640625 0.1453125 0.353125 0.02265625
6 0.28671875 0.0734375 0.4734375 0.0265625
4 0.259375 0.7015625 0.44375 0.34375
4 0.740625 0.70234375 0.4421875 0.34296875
4 0.73828125 0.34296875 0.44375 0.34375
4 0.259375 0.34375 0.44375 0.34375
7 0.4984375 0.8671875 0.853125 0.078125