3 0.05859375 0.06484375 0.0359375 0.01953125
6 0.33671875 0.065625 0.1125 0.02109375
6 0.77890625 0.0640625 0.25625 0.01640625
6 0.16484375 0.159375 0.209375 0.01953125
6 0.64609375 0.159375 0.20625 0.01953125
6 0.196875 0.23828125 0.2734375 0.0203125
3 0.91796875 0.31796875 0.0421875 0.0203125
6 0.221875 0.31875 0.325 0.01953125
6 0.559375 0.75859375 0.7484375 0.06640625
6 0.46484375 0.86015625 0.8515625 0.046875
7 0.49921875 0.9390625 0.940625 0.065625
2 0.4984375 0.31796875 0.9421875 0.065625
2 0.4984375 0.2375 0.9421875 0.06640625
2 0.25859375 0.1578125 0.459375 0.06640625
2 0.740625 0.1578125 0.459375 0.06640625