7 0.50078125 0.1734375 0.46875 0.0484375
6 0.49921875 0.06484375 0.240625 0.02578125
6 0.49921875 0.12109375 0.159375 0.0234375
6 0.6734375 0.25859375 0.428125 0.02421875
6 0.75625 0.32890625 0.2625 0.02421875
6 0.790625 0.39921875 0.1953125 0.02421875
6 0.7796875 0.46953125 0.215625 0.02578125
6 0.77578125 0.540625 0.2234375 0.02421875
6 0.64921875 0.61015625 0.49375 0.02578125
6 0.765625 0.68046875 0.24375 0.02578125
6 0.76875 0.75078125 0.2375 0.02578125
6 0.734375 0.8375 0.30625 0.02578125
6 0.70390625 0.909375 0.3671875 0.02421875
6 0.9 0.9859375 0.071875 0.0125
6 0.70234375 0.9875 0.1265625 0.01484375
6 0.5015625 0.98515625 0.0640625 0.01328125
6 0.3015625 0.9859375 0.075 0.0125
6 0.1015625 0.9859375 0.1 0.0125
3 0.103125 0.95625 0.0421875 0.0265625
4 0.30234375 0.95546875 0.046875 0.0265625
3 0.5015625 0.95546875 0.046875 0.0265625
3 0.7015625 0.95546875 0.0453125 0.02578125
3 0.9015625 0.95546875 0.046875 0.0265625
3 0.93671875 0.90703125 0.046875 0.021875
3 0.93671875 0.83515625 0.046875 0.02109375
3 0.93515625 0.74765625 0.0453125 0.02265625
3 0.9359375 0.67734375 0.04375 0.021875
3 0.940625 0.60703125 0.0375 0.028125
3 0.9359375 0.53671875 0.0421875 0.02265625
4 0.93671875 0.46640625 0.040625 0.0265625
3 0.93671875 0.39609375 0.0375 0.02265625
3 0.93671875 0.32578125 0.040625 0.01953125
4 0.93671875 0.25703125 0.0375 0.02578125
3 0.95 0.0625 0.046875 0.01875
3 0.1234375 0.0625 0.0453125 0.0234375
3 0.05 0.0640625 0.05625 0.021875
3 0.03515625 0.25546875 0.021875 0.01953125
3 0.03515625 0.32578125 0.021875 0.01953125
3 0.03515625 0.39609375 0.021875 0.01875
3 0.03515625 0.46640625 0.021875 0.01953125
3 0.0359375 0.53671875 0.0203125 0.01953125
3 0.03515625 0.60703125 0.021875 0.01953125
3 0.03515625 0.67734375 0.021875 0.01953125
3 0.03515625 0.74765625 0.021875 0.01953125
3 0.03515625 0.83515625 0.021875 0.01953125
3 0.034375 0.90546875 0.0203125 0.01953125