3 0.92421875 0.85546875 0.1484375 0.0203125
6 0.92421875 0.90390625 0.1484375 0.04765625
6 0.9234375 0.8046875 0.15 0.05234375
3 0.5453125 0.85625 0.215625 0.01953125
6 0.62734375 0.8046875 0.3828125 0.05234375
6 0.59453125 0.9046875 0.3140625 0.04765625
3 0.13125 0.85546875 0.215625 0.0203125
6 0.1953125 0.903125 0.346875 0.04375
6 0.171875 0.8046875 0.2890625 0.05234375
6 0.91953125 0.59609375 0.109375 0.0140625
4 0.9234375 0.69921875 0.15 0.12890625
4 0.63125 0.69921875 0.390625 0.12890625
4 0.21875 0.69921875 0.390625 0.12890625
6 0.159375 0.5921875 0.2640625 0.02265625
6 0.853125 0.4265625 0.290625 0.05234375
6 0.115625 0.5078125 0.1765625 0.021875
3 0.815625 0.47734375 0.215625 0.01953125
6 0.8125 0.50859375 0.2 0.02265625
3 0.13125 0.47734375 0.215625 0.0203125
6 0.5328125 0.47734375 0.221875 0.01328125
6 0.27265625 0.428125 0.496875 0.0546875
4 0.853125 0.2734375 0.290625 0.21171875
6 0.9203125 0.12890625 0.109375 0.01484375
6 0.2953125 0.128125 0.54375 0.0296875
4 0.353125 0.2734375 0.65625 0.21171875
6 0.1015625 0.9921875 0.0859375 0.0140625
6 0.3 0.990625 0.09375 0.0125
6 0.50078125 0.99140625 0.1078125 0.01484375
6 0.70078125 0.99140625 0.109375 0.01484375
6 0.9 0.990625 0.075 0.0125
3 0.9 0.959375 0.053125 0.03046875
3 0.69921875 0.959375 0.0734375 0.0328125
3 0.50078125 0.95859375 0.059375 0.03359375
3 0.29921875 0.959375 0.065625 0.03359375
3 0.09921875 0.959375 0.065625 0.0375
3 0.9390625 0.06796875 0.053125 0.0296875
3 0.8140625 0.06875 0.0703125 0.0296875
6 0.1578125 0.0703125 0.1328125 0.021875
3 0.06171875 0.07109375 0.0546875 0.0265625