6 0.81796875 0.5640625 0.096875 0.0171875
6 0.21875 0.828125 0.2984375 0.02265625
6 0.2046875 0.7375 0.271875 0.01953125
6 0.6359375 0.65078125 0.2390625 0.01953125
6 0.17109375 0.653125 0.2 0.02265625
6 0.37578125 0.565625 0.0703125 0.0234375
6 0.1484375 0.565625 0.159375 0.02265625
6 0.2703125 0.47578125 0.396875 0.01953125
6 0.265625 0.3890625 0.3890625 0.01875
6 0.61328125 0.30078125 0.1875 0.01875
6 0.1671875 0.30078125 0.196875 0.01875
4 0.49921875 0.09140625 0.2265625 0.040625
6 0.475 0.20078125 0.8109375 0.10390625
6 0.490625 0.96953125 0.8421875 0.05625
2 0.72265625 0.8328125 0.415625 0.0328125
2 0.27578125 0.8328125 0.415625 0.0328125
2 0.49921875 0.74453125 0.8625 0.03359375
2 0.72265625 0.65703125 0.415625 0.0328125
2 0.27578125 0.6578125 0.415625 0.03046875
2 0.85 0.57109375 0.1609375 0.0296875
2 0.53828125 0.56953125 0.3984375 0.0328125
2 0.18828125 0.56953125 0.240625 0.0328125
2 0.49921875 0.4828125 0.8625 0.0328125
2 0.49921875 0.3953125 0.8625 0.03046875
2 0.72265625 0.3078125 0.415625 0.03046875
2 0.27578125 0.3046875 0.415625 0.0375