6 0.446875 0.07265625 0.534375 0.02109375
4 0.98671875 0.70234375 0.0234375 0.29375
4 0.4875 0.70234375 0.925 0.29140625
3 0.084375 0.58984375 0.0203125 0.01484375
3 0.9109375 0.96015625 0.053125 0.03359375
3 0.73671875 0.96171875 0.0546875 0.03359375
3 0.5625 0.96015625 0.0609375 0.03359375
3 0.38984375 0.96171875 0.046875 0.0328125
3 0.153125 0.946875 0.0578125 0.03359375
6 0.15390625 0.975 0.1109375 0.0203125
6 0.48515625 0.8921875 0.846875 0.05
6 0.48671875 0.784375 0.2796875 0.021875
6 0.16171875 0.590625 0.1046875 0.0125
6 0.240625 0.5171875 0.425 0.0296875
6 0.91953125 0.4328125 0.159375 0.01875
6 0.52265625 0.43203125 0.1484375 0.01875
6 0.178125 0.43203125 0.2453125 0.01953125
4 0.90390625 0.32421875 0.1890625 0.28125
4 0.603125 0.32421875 0.3734375 0.28125
4 0.21171875 0.325 0.3734375 0.28046875
6 0.278125 0.153125 0.5046875 0.0296875
3 0.10703125 0.07109375 0.046875 0.0296875
3 0.934375 0.071875 0.0546875 0.03046875
2 0.44296875 0.07109375 0.8109375 0.0484375