3 0.928125 0.071875 0.065625 0.03046875
6 0.31484375 0.06953125 0.3265625 0.0265625
3 0.096875 0.071875 0.0453125 0.02578125
4 0.15 0.20078125 0.171875 0.096875
6 0.453125 0.17421875 0.3828125 0.0265625
6 0.365625 0.21328125 0.2046875 0.01875
6 0.49375 0.31875 0.859375 0.08046875
6 0.2265625 0.3984375 0.23125 0.02265625
6 0.2859375 0.425 0.346875 0.02265625
6 0.30625 0.453125 0.390625 0.021875
4 0.15078125 0.578125 0.171875 0.096875
6 0.55546875 0.56484375 0.5859375 0.05390625
6 0.31640625 0.62265625 0.10625 0.01875
6 0.49140625 0.6953125 0.85625 0.08203125
6 0.25078125 0.77265625 0.2796875 0.0171875
6 0.36875 0.80234375 0.515625 0.02265625
6 0.3328125 0.8296875 0.440625 0.02265625
4 0.6234375 0.9421875 0.053125 0.0375
3 0.12421875 0.94296875 0.0765625 0.03828125
3 0.3734375 0.94296875 0.075 0.0375
3 0.8734375 0.94296875 0.0671875 0.0375
6 0.375 0.9796875 0.071875 0.01484375
6 0.12421875 0.9796875 0.0828125 0.0140625
6 0.62421875 0.98046875 0.121875 0.01328125
6 0.8734375 0.98046875 0.1 0.01328125
2 0.45390625 0.071875 0.834375 0.05546875