6 0.19140625 0.87109375 0.2859375 0.0203125
6 0.12578125 0.80859375 0.153125 0.02421875
6 0.33046875 0.74375 0.5640625 0.02578125
6 0.23359375 0.67890625 0.3671875 0.02578125
6 0.18984375 0.61171875 0.2796875 0.021875
6 0.165625 0.54765625 0.2375 0.02578125
6 0.16640625 0.4828125 0.2390625 0.02578125
6 0.2078125 0.41640625 0.315625 0.02421875
6 0.19453125 0.34921875 0.2921875 0.0203125
6 0.184375 0.284375 0.2734375 0.0203125
6 0.1953125 0.22265625 0.296875 0.02421875
6 0.16171875 0.1546875 0.221875 0.0203125
6 0.353125 0.075 0.4265625 0.02421875
3 0.078125 0.07109375 0.0734375 0.04140625
1 0.421875 0.515625 0.84375 0.96640625