6 0.5328125 0.12265625 0.8578125 0.03359375
6 0.50625 0.1921875 0.915625 0.05234375
6 0.5 0.97421875 0.65625 0.01875
7 0.5015625 0.9015625 0.928125 0.0625
3 0.090625 0.80859375 0.1578125 0.0875
6 0.071875 0.46328125 0.0703125 0.01328125
6 0.55703125 0.4796875 0.646875 0.021875
6 0.61171875 0.3953125 0.5328125 0.021875
6 0.6953125 0.3078125 0.365625 0.021875
4 0.940625 0.4796875 0.05 0.02734375
3 0.940625 0.3921875 0.05 0.01875
3 0.94140625 0.3046875 0.046875 0.0296875
3 0.9625 0.06640625 0.025 0.021875