6 0.23515625 0.14140625 0.165625 0.0171875
6 0.565625 0.90625 0.471875 0.02734375
6 0.49375 0.7515625 0.3328125 0.02265625
6 0.45546875 0.603125 0.25 0.021875
6 0.54609375 0.4546875 0.4296875 0.028125
4 0.1578125 0.90390625 0.221875 0.12421875
4 0.1578125 0.753125 0.221875 0.12421875
4 0.15859375 0.603125 0.2203125 0.12421875
4 0.15859375 0.45234375 0.2203125 0.12421875
6 0.5015625 0.346875 0.4859375 0.028125
6 0.5 0.23515625 0.771875 0.06640625
3 0.9359375 0.06328125 0.05625 0.028125
3 0.096875 0.14140625 0.0359375 0.0203125
2 0.49921875 0.14140625 0.8984375 0.05703125
6 0.4640625 0.0640625 0.3421875 0.04140625