6 0.74140625 0.57265625 0.09375 0.01953125
6 0.24140625 0.57265625 0.09375 0.01953125
6 0.15 0.1421875 0.2390625 0.0171875
7 0.7484375 0.653125 0.484375 0.0859375
7 0.25 0.653125 0.484375 0.08671875
3 0.8921875 0.9390625 0.1375 0.07734375
4 0.73515625 0.84296875 0.36875 0.21015625
4 0.24609375 0.8546875 0.3640625 0.20625
6 0.2421875 0.50078125 0.3875 0.0453125
6 0.11640625 0.5703125 0.1359375 0.0265625
6 0.61640625 0.5703125 0.1359375 0.0265625
6 0.728125 0.5015625 0.359375 0.04765625
4 0.7359375 0.31875 0.371875 0.21015625
4 0.253125 0.325 0.3796875 0.2140625
6 0.4390625 0.1421875 0.221875 0.01875
3 0.921875 0.0640625 0.0828125 0.0453125
3 0.80546875 0.06953125 0.059375 0.03359375
3 0.0671875 0.06875 0.0484375 0.01953125
4 0.246875 0.07109375 0.225 0.04765625