6 0.18515625 0.51953125 0.296875 0.0203125
6 0.19609375 0.59921875 0.3109375 0.02421875
6 0.1140625 0.6734375 0.15 0.01953125
6 0.096875 0.74921875 0.115625 0.0203125
6 0.13515625 0.82890625 0.19375 0.02421875
6 0.1546875 0.9046875 0.234375 0.02578125
3 0.10078125 0.96015625 0.046875 0.02421875
3 0.29765625 0.96015625 0.04375 0.02578125
3 0.49921875 0.96015625 0.0515625 0.0265625
3 0.696875 0.96015625 0.0515625 0.02890625
3 0.8984375 0.9609375 0.05 0.028125
3 0.0671875 0.07109375 0.040625 0.02265625
6 0.32265625 0.071875 0.296875 0.0234375
4 0.49921875 0.2953125 0.9984375 0.371875