6 0.38671875 0.0734375 0.4265625 0.0234375
6 0.496875 0.22421875 0.7609375 0.02109375
6 0.1875 0.35390625 0.325 0.01875
6 0.27734375 0.40625 0.434375 0.02421875
6 0.325 0.46953125 0.521875 0.01953125
6 0.23515625 0.53671875 0.3515625 0.02421875
6 0.17265625 0.6 0.2265625 0.01953125
6 0.22421875 0.66796875 0.3265625 0.02578125
6 0.3015625 0.73046875 0.475 0.01953125
6 0.178125 0.79921875 0.234375 0.02578125
6 0.2203125 0.86171875 0.315625 0.01953125
6 0.17578125 0.93046875 0.2328125 0.02421875
6 0.19609375 0.99140625 0.2671875 0.015625
3 0.93984375 0.0703125 0.04375 0.02421875
3 0.0671875 0.07109375 0.040625 0.02265625
4 0.49921875 0.22421875 0.9484375 0.190625