6 0.07578125 0.8203125 0.1484375 0.05078125
6 0.40625 0.81953125 0.309375 0.05234375
6 0.78828125 0.821875 0.371875 0.05625
6 0.6296875 0.609375 0.684375 0.03125
3 0.07578125 0.39296875 0.1484375 0.01953125
6 0.075 0.3578125 0.146875 0.01640625
6 0.0765625 0.4546875 0.15 0.075
3 0.4546875 0.3921875 0.215625 0.0203125
6 0.44609375 0.36015625 0.228125 0.02109375
6 0.378125 0.45625 0.36875 0.07734375
3 0.86796875 0.39296875 0.2140625 0.01953125
6 0.85390625 0.3578125 0.2421875 0.01640625
6 0.7890625 0.45625 0.375 0.07578125
4 0.07578125 0.715625 0.1484375 0.1296875
4 0.36875 0.715625 0.390625 0.1296875
4 0.78125 0.715625 0.390625 0.1296875
4 0.07578125 0.2703125 0.1484375 0.13125
4 0.36953125 0.2703125 0.3890625 0.13125
4 0.78046875 0.2703125 0.3890625 0.13203125
6 0.0796875 0.16640625 0.109375 0.01484375
6 0.74921875 0.1625 0.4453125 0.02421875
6 0.9 0.99140625 0.0859375 0.01484375
6 0.7 0.990625 0.09375 0.0125
6 0.49921875 0.99140625 0.1078125 0.01484375
6 0.29921875 0.99140625 0.109375 0.01484375
6 0.0984375 0.99140625 0.075 0.0125
3 0.1 0.959375 0.053125 0.03046875
3 0.3 0.96015625 0.075 0.03125
3 0.49921875 0.95859375 0.059375 0.03359375
3 0.70078125 0.959375 0.065625 0.034375
3 0.90078125 0.959375 0.065625 0.03671875
3 0.0609375 0.06796875 0.053125 0.0296875
3 0.18515625 0.06875 0.071875 0.0296875
6 0.84140625 0.0703125 0.134375 0.021875
3 0.9390625 0.0703125 0.05625 0.0265625