4 0.74375 0.87890625 0.465625 0.240625
4 0.25703125 0.87890625 0.4640625 0.240625
6 0.6203125 0.3890625 0.184375 0.01953125
6 0.115625 0.39140625 0.1578125 0.02421875
6 0.09609375 0.715625 0.1140625 0.0203125
6 0.60703125 0.715625 0.159375 0.01953125
4 0.74453125 0.56328125 0.4671875 0.2625
4 0.25703125 0.56328125 0.4640625 0.2625
4 0.74453125 0.2375 0.4671875 0.26171875
4 0.25625 0.23671875 0.465625 0.2609375
3 0.05390625 0.0640625 0.0609375 0.03515625
4 0.4984375 0.065625 0.25625 0.034375
7 0.890625 0.0625 0.196875 0.03125