6 0.603125 0.72265625 0.1515625 0.02265625
6 0.12578125 0.72109375 0.1765625 0.02421875
4 0.25625 0.88046875 0.465625 0.23828125
4 0.74375 0.88046875 0.465625 0.23828125
4 0.74375 0.56640625 0.465625 0.26171875
4 0.25703125 0.565625 0.4640625 0.26171875
6 0.128125 0.39296875 0.18125 0.01953125
6 0.6390625 0.39375 0.23125 0.01875
4 0.74375 0.240625 0.465625 0.2625
4 0.25546875 0.24140625 0.4640625 0.26171875
3 0.05390625 0.0640625 0.0609375 0.034375
4 0.4984375 0.065625 0.25625 0.03515625
7 0.890625 0.0625 0.196875 0.03125