4 0.74296875 0.8828125 0.4640625 0.23203125
4 0.25625 0.8828125 0.465625 0.2328125
6 0.08671875 0.72421875 0.09375 0.0203125
6 0.56953125 0.72421875 0.0828125 0.02109375
4 0.74453125 0.571875 0.4671875 0.26171875
4 0.25625 0.571875 0.465625 0.26171875
6 0.16875 0.4015625 0.2578125 0.02265625
6 0.640625 0.4015625 0.2265625 0.02421875
4 0.74375 0.246875 0.465625 0.26171875
4 0.2578125 0.246875 0.465625 0.2625
3 0.053125 0.0640625 0.0609375 0.03515625
4 0.49921875 0.065625 0.2546875 0.034375
7 0.890625 0.06328125 0.196875 0.03125