6 0.371875 0.396875 0.203125 0.02421875
6 0.9046875 0.39453125 0.115625 0.0203125
6 0.421875 0.7203125 0.1015625 0.0203125
6 0.86640625 0.7203125 0.1890625 0.0203125
4 0.25625 0.88125 0.465625 0.23671875
4 0.74375 0.88125 0.465625 0.23671875
4 0.25546875 0.56875 0.4671875 0.26171875
4 0.74375 0.56875 0.465625 0.26171875
4 0.25625 0.2421875 0.465625 0.26171875
4 0.74375 0.2421875 0.465625 0.2625
3 0.946875 0.0640625 0.0609375 0.034375
4 0.5015625 0.065625 0.25625 0.03515625
7 0.109375 0.06328125 0.196875 0.03125