6 0.37421875 0.25546875 0.309375 0.01953125
2 0.77734375 0.26171875 0.2625 0.03671875
4 0.50078125 0.89921875 0.9984375 0.2
6 0.771875 0.07421875 0.1875 0.0296875
6 0.690625 0.146875 0.134375 0.01953125
6 0.24140625 0.146875 0.1609375 0.01953125
6 0.50703125 0.32734375 0.8203125 0.0421875
7 0.5015625 0.40703125 0.8171875 0.0546875
4 0.35625 0.14609375 0.0375 0.0296875
3 0.7984375 0.14609375 0.05 0.02109375
4 0.87421875 0.25625 0.0625 0.0265625
3 0.9328125 0.071875 0.0375 0.0203125
6 0.8203125 0.25859375 0.040625 0.01875
2 0.31328125 0.2625 0.440625 0.034375
0 0.50078125 0.515625 0.9984375 0.96640625