2 0.5 0.6609375 0.921875 0.034375
6 0.853125 0.5125 0.19375 0.02734375
2 0.5 0.51640625 0.903125 0.03671875
6 0.6703125 0.07578125 0.309375 0.03046875
6 0.52578125 0.17109375 0.86875 0.06171875
6 0.559375 0.26328125 0.803125 0.0546875
6 0.63984375 0.4359375 0.640625 0.0265625
6 0.534375 0.73671875 0.8765625 0.03359375
6 0.8 0.5859375 0.321875 0.02578125
6 0.90546875 0.6546875 0.1109375 0.021875
3 0.08828125 0.6546875 0.0265625 0.0078125
7 0.5015625 0.340625 0.921875 0.0515625
3 0.93359375 0.07109375 0.0421875 0.0234375