7 0.49921875 0.45859375 0.3484375 0.0484375
7 0.3609375 0.4 0.2953125 0.0484375
7 0.65625 0.4 0.259375 0.0484375
7 0.73203125 0.34140625 0.2859375 0.0484375
7 0.46328125 0.34140625 0.215625 0.0484375
7 0.23125 0.34140625 0.2125 0.0484375
7 0.196875 0.2828125 0.2375 0.0484375
7 0.46953125 0.2828125 0.271875 0.0484375
7 0.771875 0.2828125 0.296875 0.0484375
7 0.7765625 0.22421875 0.2609375 0.0484375
7 0.5171875 0.22421875 0.221875 0.0484375
7 0.23984375 0.22421875 0.2984375 0.0484375
6 0.12109375 0.06875 0.0921875 0.01953125
7 0.49921875 0.94765625 0.2046875 0.06171875
3 0.05078125 0.06875 0.0265625 0.02578125