3 0.87265625 0.10390625 0.0984375 0.05625
6 0.5 0.221875 0.7703125 0.0796875
7 0.31171875 0.346875 0.365625 0.06640625
7 0.68828125 0.346875 0.365625 0.065625
6 0.49921875 0.4203125 0.0375 0.01328125
2 0.49921875 0.50078125 0.8265625 0.0359375
6 0.2046875 0.49375 0.215625 0.01953125
2 0.49921875 0.6015625 0.8265625 0.03515625
6 0.19140625 0.59453125 0.1859375 0.01953125
3 0.86328125 0.6 0.0546875 0.02734375
6 0.47265625 0.65546875 0.6328125 0.02109375
7 0.5 0.74765625 0.325 0.065625
6 0.4296875 0.825 0.41875 0.021875
6 0.71015625 0.82578125 0.1015625 0.02109375