6 0.7796875 0.071875 0.1515625 0.021875
6 0.30625 0.80078125 0.034375 0.03359375
6 0.178125 0.5765625 0.0625 0.01484375
6 0.17890625 0.54765625 0.0640625 0.03046875
6 0.684375 0.3328125 0.0640625 0.01484375
6 0.6859375 0.30234375 0.0640625 0.0296875
6 0.24609375 0.071875 0.13125 0.015625
6 0.86328125 0.14296875 0.19375 0.01640625
6 0.6109375 0.14296875 0.15 0.01640625
6 0.3234375 0.14296875 0.2640625 0.01640625
6 0.059375 0.14296875 0.1046875 0.01640625
6 0.7640625 0.2171875 0.203125 0.046875
6 0.77265625 0.26640625 0.0796875 0.0125
6 0.80078125 0.3140625 0.1546875 0.05625
6 0.76484375 0.37734375 0.1703125 0.01328125
6 0.2578125 0.4828125 0.340625 0.01875
6 0.26640625 0.5109375 0.078125 0.0125
6 0.29296875 0.55859375 0.153125 0.05546875
6 0.259375 0.6203125 0.1796875 0.01328125
6 0.234375 0.74296875 0.3078125 0.015625
6 0.240625 0.76953125 0.0671875 0.0125
6 0.240625 0.81171875 0.0671875 0.05
6 0.234375 0.86875 0.1609375 0.0125
6 0.1015625 0.9796875 0.0609375 0.01328125
6 0.9 0.9796875 0.078125 0.01328125
6 0.70078125 0.9796875 0.1234375 0.01328125
6 0.5015625 0.97890625 0.090625 0.0140625
6 0.30078125 0.9796875 0.109375 0.01328125
3 0.9 0.95 0.05625 0.02890625
3 0.70078125 0.94921875 0.05625 0.02890625
3 0.5 0.94921875 0.05625 0.03046875
3 0.30078125 0.94921875 0.0484375 0.03046875
3 0.10078125 0.95 0.0578125 0.0265625
3 0.09765625 0.07109375 0.0265625 0.0078125
3 0.45234375 0.0703125 0.040625 0.0296875
3 0.909375 0.071875 0.0515625 0.02890625
2 0.5015625 0.07109375 0.921875 0.05546875
4 0.2796875 0.29140625 0.5578125 0.23359375
4 0.74453125 0.54296875 0.5109375 0.2703125
4 0.71875 0.80078125 0.5625 0.24453125