6 0.796875 0.071875 0.365625 0.02578125
6 0.4984375 0.24921875 0.8 0.0921875
6 0.49921875 0.52265625 0.221875 0.021875
6 0.5 0.7984375 0.58125 0.02109375
6 0.9171875 0.9828125 0.06875 0.01328125
6 0.7484375 0.984375 0.096875 0.015625
6 0.5828125 0.9828125 0.0875 0.01328125
6 0.41640625 0.9828125 0.0703125 0.01328125
6 0.25 0.984375 0.1140625 0.015625
6 0.08359375 0.9828125 0.0390625 0.0125
3 0.084375 0.94453125 0.0578125 0.03359375
3 0.2515625 0.94453125 0.05625 0.03359375
3 0.41796875 0.94453125 0.0703125 0.03125
4 0.584375 0.94453125 0.0671875 0.04140625
3 0.7515625 0.94453125 0.059375 0.03046875
3 0.9171875 0.94453125 0.0625 0.03046875
3 0.06015625 0.07109375 0.059375 0.03359375
4 0.50078125 0.24609375 0.9984375 0.2734375
4 0.50078125 0.521875 0.9984375 0.2734375
3 0.10859375 0.85703125 0.1390625 0.078125
4 0.50078125 0.78984375 0.9984375 0.25546875