6 0.13828125 0.44921875 0.1546875 0.01484375
6 0.17734375 0.3546875 0.2328125 0.01484375
7 0.4984375 0.81796875 0.921875 0.07109375
6 0.4984375 0.7390625 0.5171875 0.01875
6 0.5 0.6671875 0.8921875 0.0171875
7 0.49921875 0.57890625 0.921875 0.0703125
6 0.321875 0.4984375 0.55 0.01953125
2 0.4984375 0.45078125 0.921875 0.0578125
6 0.13203125 0.40390625 0.1640625 0.01484375
6 0.09609375 0.309375 0.090625 0.01484375
2 0.4984375 0.35703125 0.921875 0.0578125
6 0.5 0.1359375 0.18125 0.0265625
3 0.06015625 0.059375 0.0265625 0.0234375
4 0.37109375 0.05859375 0.05 0.0296875
7 0.75234375 0.20859375 0.415625 0.07109375
6 0.52734375 0.059375 0.2515625 0.021875
7 0.246875 0.2078125 0.415625 0.071875