6 0.378125 0.39140625 0.1890625 0.0203125
6 0.81953125 0.39140625 0.28125 0.0203125
6 0.90078125 0.7203125 0.121875 0.0234375
6 0.3421875 0.71953125 0.265625 0.02578125
4 0.25546875 0.8796875 0.4640625 0.2390625
4 0.74296875 0.8796875 0.4640625 0.2390625
4 0.25625 0.56484375 0.465625 0.26171875
4 0.74375 0.56484375 0.465625 0.26171875
4 0.25703125 0.2390625 0.4671875 0.2625
4 0.74375 0.2390625 0.465625 0.2625
3 0.94609375 0.0640625 0.0609375 0.03515625
4 0.5015625 0.065625 0.25625 0.034375
7 0.109375 0.06328125 0.196875 0.03125