6 0.20390625 0.8921875 0.3109375 0.02265625
6 0.153125 0.97578125 0.209375 0.02265625
6 0.18125 0.80546875 0.2625 0.0171875
6 0.121875 0.72421875 0.146875 0.02265625
6 0.121875 0.64140625 0.1421875 0.02265625
6 0.09140625 0.55546875 0.0828125 0.0171875
6 0.20390625 0.47109375 0.309375 0.01875
6 0.14296875 0.38984375 0.1859375 0.02265625
6 0.18828125 0.30703125 0.2796875 0.02265625
6 0.09609375 0.22109375 0.090625 0.01875
6 0.071875 0.13828125 0.0453125 0.01875
3 0.95078125 0.07109375 0.0125 0.02265625
3 0.85234375 0.07109375 0.0546875 0.03046875
3 0.73515625 0.07109375 0.059375 0.03359375
3 0.61796875 0.0703125 0.04375 0.02421875
6 0.31640625 0.0703125 0.2859375 0.021875
3 0.06875 0.07109375 0.040625 0.02265625