3 0.94921875 0.89609375 0.0328125 0.02265625
3 0.9484375 0.98125 0.034375 0.01953125
6 0.809375 0.9828125 0.20625 0.0203125
3 0.68359375 0.98125 0.0203125 0.00703125
6 0.48046875 0.8953125 0.8640625 0.09609375
6 0.62890625 0.81171875 0.5671875 0.01953125
4 0.94765625 0.81171875 0.034375 0.01953125
6 0.8578125 0.75703125 0.2078125 0.0171875
6 0.50234375 0.67421875 0.9265625 0.09921875
7 0.859375 0.57890625 0.2125 0.04453125
6 0.0703125 0.58046875 0.0515625 0.015625
6 0.27890625 0.57890625 0.1140625 0.01640625
4 0.378125 0.57578125 0.059375 0.03359375
3 0.1375 0.5765625 0.059375 0.0328125
3 0.084375 0.45703125 0.071875 0.03671875
6 0.615625 0.4625 0.6859375 0.0328125
3 0.0609375 0.0703125 0.05625 0.0265625
3 0.93984375 0.0703125 0.0515625 0.02421875
4 0.50078125 0.2671875 0.9984375 0.4703125
3 0.15234375 0.53203125 0.215625 0.0203125