6 0.63125 0.78984375 0.5875 0.08671875
6 0.559375 0.90078125 0.328125 0.0171875
3 0.46015625 0.86015625 0.24375 0.02265625
3 0.3578125 0.8984375 0.0375 0.021875
6 0.8203125 0.8609375 0.2328125 0.015625
6 0.83515625 0.96328125 0.2015625 0.02109375
7 0.446875 0.95625 0.21875 0.04453125
3 0.4609375 0.60390625 0.2421875 0.021875
6 0.58359375 0.5328125 0.4859375 0.0859375
6 0.821875 0.6046875 0.2296875 0.01484375
6 0.84140625 0.66640625 0.1890625 0.0203125
7 0.446875 0.6578125 0.2171875 0.0453125
6 0.51328125 0.346875 0.240625 0.01875
3 0.46015625 0.3046875 0.24375 0.02265625
3 0.3578125 0.34375 0.0375 0.02109375
6 0.81796875 0.30703125 0.2359375 0.01484375
6 0.909375 0.3890625 0.05625 0.01484375
6 0.840625 0.41015625 0.190625 0.0203125
7 0.446875 0.40078125 0.2171875 0.04453125
6 0.57421875 0.253125 0.471875 0.05546875
3 0.11171875 0.76796875 0.0578125 0.0296875
4 0.17734375 0.8578125 0.2796875 0.26015625
3 0.1109375 0.51171875 0.05625 0.028125
4 0.17734375 0.58125 0.2796875 0.21953125
3 0.11171875 0.24765625 0.0578125 0.0296875
7 0.14453125 0.39375 0.1640625 0.028125
4 0.178125 0.321875 0.278125 0.22734375
6 0.290625 0.16640625 0.509375 0.0359375
3 0.9390625 0.0703125 0.05625 0.0265625
3 0.0609375 0.07109375 0.053125 0.0265625