6 0.759375 0.07265625 0.190625 0.028125
3 0.93203125 0.071875 0.0421875 0.02265625
2 0.50078125 0.17890625 0.9046875 0.0296875
6 0.88125 0.17421875 0.1125 0.0203125
2 0.5578125 0.2640625 0.790625 0.0296875
6 0.8359375 0.25859375 0.20625 0.01953125
6 0.096875 0.2671875 0.10625 0.01640625
2 0.50078125 0.34765625 0.9046875 0.02890625
6 0.84375 0.34296875 0.196875 0.01875
6 0.56328125 0.4328125 0.7765625 0.0484375
3 0.50078125 0.56015625 0.046875 0.03046875
6 0.5015625 0.59921875 0.803125 0.0171875
7 0.50078125 0.95546875 0.9984375 0.0875