6 0.79609375 0.8921875 0.3109375 0.02265625
6 0.846875 0.97578125 0.209375 0.02265625
6 0.81875 0.80546875 0.2625 0.0171875
6 0.878125 0.72421875 0.146875 0.02265625
6 0.878125 0.64140625 0.1421875 0.02265625
6 0.90859375 0.55546875 0.0828125 0.0171875
6 0.79609375 0.47109375 0.309375 0.01875
6 0.85703125 0.38984375 0.1859375 0.02265625
6 0.81171875 0.30703125 0.2796875 0.02265625
6 0.90390625 0.22109375 0.090625 0.01875
6 0.928125 0.13828125 0.0453125 0.01875
3 0.04921875 0.07109375 0.0125 0.02265625
3 0.14765625 0.07109375 0.0546875 0.03046875
3 0.26484375 0.07109375 0.059375 0.03359375
3 0.38203125 0.0703125 0.04375 0.02421875
6 0.68359375 0.0703125 0.2859375 0.021875
3 0.93125 0.07109375 0.040625 0.02265625