3 0.0671875 0.07109375 0.0515625 0.02890625
6 0.278125 0.14375 0.478125 0.0375
6 0.2265625 0.534375 0.3390625 0.04765625
6 0.196875 0.66484375 0.271875 0.0359375
6 0.23828125 0.8046875 0.3625 0.04765625
6 0.1703125 0.753125 0.2265625 0.0203125
6 0.0734375 0.615625 0.028125 0.01640625
6 0.184375 0.48359375 0.25 0.01953125
3 0.1 0.96640625 0.05 0.028125
3 0.3 0.96640625 0.05 0.02890625
3 0.5 0.965625 0.05 0.02578125
3 0.69921875 0.96640625 0.040625 0.02890625
3 0.89921875 0.96640625 0.0125 0.0234375
3 0.89140625 0.8734375 0.1390625 0.078125
4 0.49921875 0.2 0.9984375 0.33515625