6 0.221875 0.771875 0.26875 0.0203125
3 0.0515625 0.8640625 0.034375 0.01875
4 0.05234375 0.7703125 0.0328125 0.0171875
6 0.290625 0.96328125 0.509375 0.03671875
3 0.3171875 0.8640625 0.021875 0.00703125
6 0.19140625 0.86484375 0.20625 0.02109375
6 0.46875 0.81875 0.7625 0.01953125
3 0.05078125 0.81875 0.0328125 0.02265625
6 0.1421875 0.7171875 0.2078125 0.0171875
6 0.496875 0.634375 0.9234375 0.09921875
7 0.140625 0.53984375 0.2125 0.04453125
6 0.93046875 0.540625 0.053125 0.01484375
6 0.72109375 0.5390625 0.1140625 0.0171875
4 0.621875 0.53671875 0.059375 0.03359375
3 0.8625 0.53671875 0.059375 0.03359375
3 0.9140625 0.41796875 0.0703125 0.0359375
6 0.29296875 0.425 0.5109375 0.0421875
3 0.93984375 0.07109375 0.0546875 0.0265625
3 0.06015625 0.07109375 0.0515625 0.0234375
4 0.49921875 0.2484375 0.9984375 0.43046875
3 0.84765625 0.4921875 0.215625 0.0203125