6 0.50234375 0.7625 0.4265625 0.034375
6 0.49921875 0.6171875 0.7515625 0.04765625
6 0.89921875 0.975 0.084375 0.009375
6 0.70078125 0.97421875 0.09375 0.009375
6 0.49921875 0.97421875 0.109375 0.009375
6 0.29921875 0.975 0.09375 0.009375
6 0.10078125 0.975 0.0625 0.009375
3 0.1 0.93828125 0.059375 0.03359375
3 0.3 0.93828125 0.059375 0.0328125
3 0.5 0.93828125 0.05625 0.0328125
3 0.69921875 0.93828125 0.059375 0.03359375
3 0.8984375 0.93828125 0.059375 0.0328125
7 0.49921875 0.83515625 0.2234375 0.04453125
6 0.5 0.559375 0.4421875 0.0265625
6 0.5015625 0.3640625 0.609375 0.03515625
6 0.5 0.21875 0.6921875 0.046875
7 0.49921875 0.4359375 0.2234375 0.04453125
7 0.81640625 0.078125 0.2703125 0.065625
7 0.5 0.078125 0.2703125 0.065625
6 0.5 0.16015625 0.5703125 0.0265625
7 0.18203125 0.07890625 0.2703125 0.06640625
4 0.4984375 0.371875 0.921875 0.2171875
4 0.5 0.76015625 0.921875 0.1953125