3 0.05390625 0.06328125 0.0609375 0.034375
4 0.4984375 0.065625 0.25625 0.03515625
7 0.890625 0.06328125 0.196875 0.03125
6 0.13203125 0.390625 0.1890625 0.0203125
6 0.6328125 0.39296875 0.209375 0.02421875
6 0.0984375 0.71875 0.125 0.02578125
6 0.640625 0.71875 0.2328125 0.02421875
6 0.159375 0.803125 0.240625 0.0203125
4 0.74375 0.87890625 0.465625 0.240625
4 0.25625 0.56484375 0.465625 0.26171875
4 0.7453125 0.56484375 0.465625 0.26171875
4 0.25703125 0.2390625 0.4640625 0.2609375
4 0.74375 0.23828125 0.465625 0.26171875