6 0.50390625 0.07109375 0.359375 0.01953125
4 0.73046875 0.8953125 0.4421875 0.0328125
4 0.26953125 0.8953125 0.4421875 0.0328125
3 0.1046875 0.07109375 0.04375 0.0234375
3 0.2015625 0.071875 0.0640625 0.02265625
3 0.759375 0.07109375 0.1453125 0.05078125
3 0.915625 0.075 0.059375 0.03515625
4 0.73046875 0.25546875 0.4421875 0.2484375
4 0.26953125 0.25546875 0.4421875 0.2484375
6 0.21328125 0.42421875 0.3234375 0.04921875
6 0.7296875 0.4234375 0.440625 0.0484375
6 0.6640625 0.79609375 0.309375 0.04765625
6 0.23984375 0.7984375 0.3796875 0.05078125
4 0.934375 0.4765625 0.0375 0.02109375
4 0.4734375 0.4765625 0.0359375 0.02109375
4 0.27109375 0.6296875 0.4421875 0.2484375
4 0.73046875 0.6296875 0.4421875 0.25078125
6 0.159375 0.4765625 0.221875 0.0171875
6 0.6203125 0.47578125 0.221875 0.01953125
6 0.1703125 0.85 0.24375 0.01875
4 0.47421875 0.85 0.034375 0.0203125
6 0.62109375 0.85 0.2203125 0.0171875
4 0.934375 0.85 0.034375 0.01953125
6 0.1 0.9875 0.1203125 0.0125
6 0.3 0.9875 0.071875 0.01328125
6 0.49921875 0.9875 0.059375 0.0140625
6 0.7 0.9875 0.15625 0.0140625
6 0.89921875 0.9890625 0.1078125 0.0171875
3 0.89921875 0.95859375 0.0484375 0.02890625
4 0.69921875 0.959375 0.059375 0.03359375
3 0.49921875 0.959375 0.059375 0.03359375
4 0.29921875 0.95859375 0.040625 0.02890625
2 0.56015625 0.071875 0.559375 0.0609375
3 0.1 0.95859375 0.059375 0.03359375