4 0.059375 0.07109375 0.046875 0.03046875
3 0.93203125 0.07109375 0.046875 0.0234375
6 0.50859375 0.0703125 0.3140625 0.015625
6 0.56875 0.16171875 0.7484375 0.0796875
6 0.46640625 0.2859375 0.671875 0.02421875
6 0.709375 0.365625 0.1921875 0.02109375
6 0.66953125 0.45234375 0.271875 0.02421875
6 0.70546875 0.53359375 0.1953125 0.0203125
6 0.715625 0.61953125 0.175 0.02578125
6 0.61796875 0.70078125 0.375 0.0203125
6 0.6078125 0.78671875 0.390625 0.02421875
6 0.57578125 0.8703125 0.4578125 0.02578125
6 0.70078125 0.953125 0.2046875 0.02578125