4 0.903125 0.853125 0.1359375 0.0765625
4 0.840625 0.1203125 0.2453125 0.13828125
6 0.4640625 0.18203125 0.4140625 0.05625
6 0.35859375 0.096875 0.621875 0.0734375
3 0.059375 0.1890625 0.05 0.02578125
6 0.50078125 0.28359375 0.3375 0.07265625
6 0.4171875 0.3703125 0.5078125 0.0609375
3 0.06015625 0.375 0.0515625 0.02421875
6 0.44765625 0.4453125 0.4375 0.0234375
6 0.46484375 0.5109375 0.409375 0.05625
3 0.059375 0.56171875 0.05 0.0234375
4 0.83984375 0.30703125 0.24375 0.13828125
4 0.840625 0.49375 0.2453125 0.13828125
6 0.76640625 0.7484375 0.3921875 0.0265625
6 0.6203125 0.83046875 0.36875 0.01875
6 0.725 0.8703125 0.1609375 0.0203125
3 0.9 0.96640625 0.05 0.02890625
3 0.70078125 0.96640625 0.0515625 0.02890625
3 0.50078125 0.96640625 0.0515625 0.02578125
3 0.30078125 0.96640625 0.040625 0.02890625
7 0.2 0.853125 0.321875 0.06171875
3 0.10078125 0.96640625 0.0125 0.0234375