6 0.621875 0.5578125 0.23125 0.01875
6 0.57109375 0.58984375 0.1296875 0.01484375
6 0.6859375 0.62109375 0.3609375 0.01953125
6 0.57578125 0.64921875 0.14375 0.0171875
6 0.115625 0.58984375 0.13125 0.015625
6 0.228125 0.62109375 0.365625 0.01953125
6 0.115625 0.64921875 0.134375 0.0171875
6 0.75 0.14140625 0.2953125 0.01875
6 0.24765625 0.14140625 0.121875 0.01875
3 0.32109375 0.2796875 0.0453125 0.02421875
3 0.77890625 0.28046875 0.04375 0.02421875
6 0.834375 0.2796875 0.0421875 0.01484375
6 0.378125 0.2796875 0.0421875 0.01484375
6 0.209375 0.20546875 0.31875 0.01953125
6 0.67890625 0.68125 0.35 0.015625
4 0.69609375 0.43046875 0.33125 0.175
4 0.49921875 0.8921875 0.5875 0.215625
6 0.1734375 0.68125 0.253125 0.01640625
4 0.2453125 0.43046875 0.1765625 0.16796875
3 0.94375 0.07265625 0.04375 0.02421875
3 0.821875 0.07109375 0.0546875 0.03046875
3 0.7046875 0.07109375 0.059375 0.03359375
3 0.5875 0.07109375 0.04375 0.0234375
6 0.0671875 0.07109375 0.0578125 0.03515625