6 0.5 0.07265625 0.225 0.0234375
4 0.503125 0.2546875 0.3171875 0.26875
3 0.409375 0.43515625 0.0265625 0.03828125
6 0.4984375 0.49921875 0.4 0.021875
6 0.503125 0.60859375 0.5859375 0.07265625
6 0.9 0.9796875 0.078125 0.01328125
6 0.7 0.9796875 0.121875 0.01328125
6 0.5015625 0.97890625 0.090625 0.0140625
6 0.30078125 0.9796875 0.109375 0.01328125
6 0.1015625 0.9796875 0.0609375 0.01328125
7 0.50078125 0.86796875 0.959375 0.07265625
3 0.90078125 0.95 0.05625 0.028125
3 0.7 0.94921875 0.059375 0.02890625
3 0.50078125 0.95 0.0546875 0.03125
3 0.3015625 0.94921875 0.046875 0.03046875
3 0.10078125 0.94921875 0.0578125 0.02734375