6 0.778125 0.771875 0.26875 0.0203125
3 0.9484375 0.8640625 0.034375 0.01875
4 0.94765625 0.7703125 0.0328125 0.0171875
6 0.709375 0.96328125 0.509375 0.03671875
3 0.6828125 0.8640625 0.0203125 0.00703125
6 0.80859375 0.86484375 0.20625 0.02109375
6 0.53125 0.81875 0.7625 0.01953125
3 0.94921875 0.81875 0.0328125 0.02265625
6 0.8578125 0.7171875 0.2078125 0.0171875
6 0.503125 0.634375 0.9234375 0.09921875
7 0.859375 0.53984375 0.2125 0.04453125
6 0.06953125 0.540625 0.053125 0.01484375
6 0.27890625 0.5390625 0.1140625 0.0171875
4 0.378125 0.53671875 0.059375 0.03359375
3 0.1375 0.53671875 0.059375 0.03359375
3 0.0859375 0.41796875 0.0703125 0.0359375
6 0.70703125 0.425 0.5109375 0.0421875
3 0.06015625 0.07109375 0.0546875 0.0265625
3 0.93984375 0.07109375 0.0515625 0.0234375
4 0.50078125 0.2484375 0.9984375 0.43046875
3 0.15234375 0.4921875 0.215625 0.0203125