6 0.58125 0.0609375 0.484375 0.0265625
6 0.5109375 0.0890625 0.63125 0.0171875
6 0.834375 0.1578125 0.0703125 0.0125
6 0.4953125 0.1578125 0.0828125 0.0125
6 0.16015625 0.15703125 0.0578125 0.0125
6 0.63671875 0.49609375 0.6046875 0.03125
6 0.16640625 0.49140625 0.146875 0.02734375
6 0.7390625 0.540625 0.403125 0.02265625
6 0.165625 0.5984375 0.1796875 0.015625
6 0.63984375 0.9671875 0.5984375 0.03125
6 0.16484375 0.9625 0.1515625 0.0265625
7 0.565625 0.59765625 0.2890625 0.04765625
3 0.8453125 0.5984375 0.190625 0.01875
3 0.93125 0.07109375 0.040625 0.0234375
3 0.22421875 0.05703125 0.0375 0.0203125
3 0.05703125 0.06953125 0.0140625 0.0265625
3 0.834375 0.13515625 0.05625 0.0265625
4 0.496875 0.1328125 0.0515625 0.028125
3 0.16171875 0.1328125 0.0484375 0.028125
4 0.5015625 0.31875 0.9609375 0.27421875
4 0.5 0.78984375 0.9609375 0.27421875