4 0.50078125 0.1609375 0.9984375 0.321875
3 0.93125 0.07109375 0.040625 0.021875
6 0.515625 0.35390625 0.3796875 0.02265625
6 0.50078125 0.3984375 0.621875 0.02421875
6 0.85859375 0.48984375 0.103125 0.0203125
3 0.11796875 0.6 0.05625 0.0265625
6 0.8171875 0.59921875 0.184375 0.0203125
6 0.8140625 0.709375 0.1921875 0.0171875
6 0.68359375 0.80703125 0.3890625 0.021875
7 0.50078125 0.8703125 0.8828125 0.065625
6 0.5 0.965625 0.60625 0.046875
2 0.5015625 0.6 0.884375 0.0765625
2 0.5015625 0.490625 0.884375 0.0765625
2 0.5015625 0.70859375 0.884375 0.0765625