6 0.240625 0.07265625 0.190625 0.028125
3 0.0671875 0.07109375 0.040625 0.02265625
2 0.49921875 0.17890625 0.9046875 0.03125
6 0.11796875 0.17421875 0.1140625 0.01953125
2 0.440625 0.26484375 0.7875 0.02890625
6 0.1640625 0.259375 0.20625 0.01953125
6 0.903125 0.2671875 0.10625 0.01640625
2 0.5 0.34765625 0.90625 0.03046875
6 0.15625 0.34296875 0.196875 0.01875
6 0.4359375 0.43359375 0.775 0.0484375
3 0.49921875 0.559375 0.046875 0.0328125
6 0.49765625 0.59921875 0.8046875 0.0171875
7 0.49921875 0.95546875 0.9984375 0.0875