7 0.109375 0.0625 0.196875 0.03125
4 0.5015625 0.065625 0.25625 0.034375
3 0.946875 0.0640625 0.059375 0.03359375
4 0.25625 0.88125 0.465625 0.2375
4 0.74375 0.88125 0.465625 0.2375
6 0.78125 0.72265625 0.359375 0.02421875
4 0.74375 0.56796875 0.465625 0.26171875
6 0.38671875 0.7203125 0.171875 0.01953125
4 0.25625 0.5671875 0.465625 0.2609375
6 0.3875 0.39375 0.1703125 0.01953125
4 0.25625 0.24140625 0.465625 0.2625
6 0.9109375 0.39375 0.1 0.01953125
4 0.74296875 0.24140625 0.4640625 0.26171875