4 0.49921875 0.14453125 0.4828125 0.06484375
6 0.25 0.2625 0.103125 0.02265625
6 0.74921875 0.259375 0.3046875 0.01875
6 0.21171875 0.36171875 0.2484375 0.01640625
6 0.253125 0.44140625 0.334375 0.01640625
6 0.490625 0.51953125 0.884375 0.05078125
6 0.303125 0.59609375 0.503125 0.021875
6 0.4734375 0.653125 0.721875 0.04296875
6 0.2109375 0.69453125 0.1921875 0.015625
6 0.45546875 0.73828125 0.68125 0.0375
6 0.49765625 0.88203125 0.4796875 0.015625
4 0.43125 0.93828125 0.0703125 0.040625
3 0.12890625 0.93828125 0.0671875 0.03828125
3 0.74140625 0.93828125 0.0671875 0.0328125
6 0.8421875 0.93828125 0.1015625 0.01484375
6 0.24609375 0.9390625 0.134375 0.0140625
6 0.55234375 0.94140625 0.140625 0.01875
2 0.5 0.4421875 0.90625 0.06875
2 0.4984375 0.36171875 0.90625 0.06875