6 0.60234375 0.06953125 0.340625 0.01953125
6 0.1015625 0.98984375 0.10625 0.01640625
6 0.30078125 0.9875 0.1578125 0.0140625
6 0.50078125 0.9875 0.059375 0.0140625
6 0.7 0.9875 0.071875 0.01328125
6 0.89921875 0.9875 0.121875 0.01328125
3 0.89921875 0.959375 0.059375 0.03359375
4 0.70078125 0.95859375 0.040625 0.02890625
3 0.50078125 0.95859375 0.059375 0.03359375
4 0.3015625 0.95859375 0.0609375 0.034375
3 0.10078125 0.95859375 0.0484375 0.02890625
4 0.49921875 0.809375 0.896875 0.203125
6 0.49921875 0.659375 0.3828125 0.0203125
3 0.8953125 0.071875 0.0625 0.021875
3 0.10078125 0.075 0.059375 0.03515625
3 0.25859375 0.07109375 0.146875 0.05078125
2 0.4953125 0.071875 0.640625 0.0609375
4 0.50078125 0.384375 0.8984375 0.50546875