2 0.5 0.165625 0.903125 0.03125
2 0.50078125 0.24765625 0.9046875 0.03046875
2 0.5015625 0.3296875 0.903125 0.03125
2 0.5 0.4125 0.903125 0.0328125
6 0.85234375 0.55546875 0.1984375 0.02265625
2 0.5 0.5625 0.903125 0.0359375
6 0.753125 0.071875 0.4140625 0.02265625
6 0.853125 0.16015625 0.1921875 0.01953125
6 0.85859375 0.24140625 0.1890625 0.01953125
6 0.8515625 0.3234375 0.203125 0.01953125
6 0.821875 0.40546875 0.2578125 0.01875
6 0.8078125 0.48515625 0.3046875 0.02421875
6 0.7828125 0.62421875 0.359375 0.02265625
6 0.77421875 0.84453125 0.36875 0.03515625
6 0.390625 0.834375 0.35 0.05625
6 0.6921875 0.89296875 0.5375 0.0265625
6 0.87421875 0.97734375 0.0984375 0.0171875
6 0.6265625 0.978125 0.0859375 0.015625
6 0.3765625 0.97890625 0.1640625 0.015625
6 0.12734375 0.978125 0.0734375 0.01484375
3 0.1265625 0.94921875 0.059375 0.009375
3 0.375 0.94921875 0.059375 0.03359375
3 0.62578125 0.94921875 0.059375 0.0296875
3 0.87578125 0.94765625 0.059375 0.03046875
3 0.39609375 0.88984375 0.025 0.021875
3 0.14140625 0.8359375 0.0921875 0.0453125
3 0.5609375 0.62109375 0.034375 0.01171875
3 0.096875 0.40625 0.025 0.00859375
3 0.09765625 0.3234375 0.0265625 0.00859375
3 0.0984375 0.2421875 0.025 0.00859375
3 0.0984375 0.16015625 0.025 0.00859375
7 0.5015625 0.70234375 0.921875 0.06640625