6 0.7890625 0.06953125 0.134375 0.02265625
6 0.65703125 0.171875 0.3203125 0.0296875
6 0.86171875 0.29765625 0.1234375 0.015625
6 0.7578125 0.32890625 0.3375 0.02421875
6 0.89921875 0.41015625 0.1234375 0.01484375
6 0.89921875 0.4515625 0.1328125 0.02265625
6 0.92734375 0.60078125 0.0765625 0.01484375
6 0.846875 0.67265625 0.1546875 0.0265625
6 0.87265625 0.78203125 0.1078125 0.0265625
7 0.73984375 0.9421875 0.4578125 0.06328125
7 0.26328125 0.9421875 0.4578125 0.0609375
3 0.071875 0.50234375 0.0609375 0.03359375
3 0.10625 0.31328125 0.0265625 0.02421875
3 0.0921875 0.1671875 0.0265625 0.0203125
3 0.88984375 0.16796875 0.090625 0.0484375
3 0.93359375 0.07109375 0.046875 0.01953125