6 0.82265625 0.9875 0.0546875 0.0140625
3 0.821875 0.96015625 0.04375 0.02421875
3 0.49921875 0.96171875 0.04375 0.02421875
6 0.5 0.98515625 0.0640625 0.0125
6 0.17421875 0.9859375 0.04375 0.01171875
4 0.17265625 0.96171875 0.0796875 0.02578125
6 0.3515625 0.89296875 0.628125 0.07109375
6 0.27109375 0.7984375 0.4640625 0.07109375
4 0.840625 0.82734375 0.2453125 0.13828125
4 0.83984375 0.5984375 0.24375 0.13671875
6 0.34453125 0.6625 0.6109375 0.06875
6 0.33828125 0.56953125 0.5953125 0.07109375
4 0.83984375 0.403125 0.246875 0.13828125
6 0.35 0.4140625 0.621875 0.046875
6 0.32265625 0.35703125 0.56875 0.03515625
7 0.4984375 0.2609375 0.471875 0.0453125
6 0.5 0.16484375 0.7609375 0.05625
6 0.4984375 0.09140625 0.846875 0.059375
3 0.92578125 0.0265625 0.04375 0.02578125