3 0.0671875 0.07109375 0.040625 0.02265625
6 0.2703125 0.07109375 0.190625 0.02421875
6 0.15546875 0.90234375 0.23125 0.01953125
6 0.1734375 0.82578125 0.2671875 0.0203125
6 0.171875 0.74921875 0.2640625 0.01953125
6 0.13046875 0.6734375 0.18125 0.01953125
6 0.1921875 0.59609375 0.3078125 0.0203125
6 0.146875 0.51953125 0.215625 0.01953125
4 0.49921875 0.2953125 0.9984375 0.371875
3 0.09921875 0.9609375 0.046875 0.0234375
3 0.2984375 0.959375 0.040625 0.02421875
3 0.5 0.96015625 0.05 0.02578125
3 0.696875 0.9609375 0.0484375 0.028125
3 0.8984375 0.9609375 0.05 0.028125