6 0.41875 0.0609375 0.484375 0.0265625
6 0.4890625 0.0890625 0.63125 0.0171875
6 0.165625 0.1578125 0.0703125 0.0125
6 0.5046875 0.1578125 0.0828125 0.0125
6 0.83984375 0.15703125 0.0578125 0.0125
6 0.36328125 0.49609375 0.6046875 0.03125
6 0.83359375 0.49140625 0.146875 0.02734375
6 0.2609375 0.540625 0.403125 0.02265625
6 0.834375 0.5984375 0.1796875 0.015625
6 0.36015625 0.9671875 0.5984375 0.03125
6 0.83515625 0.9625 0.1515625 0.0265625
7 0.434375 0.59765625 0.2890625 0.04765625
3 0.1546875 0.5984375 0.190625 0.01875
3 0.06875 0.07109375 0.040625 0.0234375
3 0.77578125 0.05703125 0.0375 0.0203125
3 0.94296875 0.06953125 0.0140625 0.0265625
3 0.165625 0.13515625 0.05625 0.0265625
4 0.503125 0.1328125 0.0515625 0.028125
3 0.83828125 0.1328125 0.0484375 0.028125
4 0.4984375 0.31875 0.9609375 0.27421875
4 0.5 0.78984375 0.9609375 0.27421875