6 0.921875 0.07109375 0.1140625 0.01640625
6 0.628125 0.14609375 0.146875 0.02265625
6 0.7140625 0.19609375 0.390625 0.0421875
6 0.8515625 0.27421875 0.1640625 0.01875
6 0.628125 0.3515625 0.146875 0.02265625
6 0.725 0.40390625 0.4140625 0.046875
6 0.8515625 0.48046875 0.1671875 0.01875
6 0.6171875 0.5578125 0.1046875 0.0234375
6 0.703125 0.61015625 0.36875 0.046875
6 0.84375 0.68828125 0.184375 0.02109375
6 0.628125 0.76484375 0.1453125 0.02265625
6 0.7 0.8140625 0.3640625 0.04296875
6 0.853125 0.89375 0.1640625 0.02109375
6 0.628125 0.9703125 0.1453125 0.02265625
4 0.253125 0.97109375 0.45625 0.05625
4 0.25234375 0.8328125 0.4578125 0.19296875
4 0.253125 0.62734375 0.45625 0.19296875
4 0.25234375 0.42109375 0.4578125 0.19296875
4 0.253125 0.21484375 0.45625 0.1921875
3 0.0671875 0.07109375 0.040625 0.02265625
3 0.7859375 0.0703125 0.0453125 0.02421875
3 0.9109375 0.1453125 0.05 0.0265625
3 0.53125 0.1453125 0.0265625 0.0140625
3 0.53203125 0.35078125 0.025 0.01328125
3 0.9109375 0.35078125 0.05 0.0265625
3 0.53671875 0.55703125 0.028125 0.015625
3 0.9109375 0.5578125 0.05 0.02578125
3 0.909375 0.7625 0.0515625 0.02421875
3 0.53125 0.76328125 0.0265625 0.0140625
3 0.9109375 0.9703125 0.05 0.0265625
3 0.53125 0.96953125 0.0265625 0.0140625