6 0.60078125 0.3984375 0.1453125 0.01875
6 0.13359375 0.396875 0.1890625 0.0203125
6 0.13671875 0.7234375 0.196875 0.01875
6 0.6 0.7234375 0.15 0.01875
4 0.74453125 0.88203125 0.4671875 0.234375
4 0.25625 0.88203125 0.465625 0.23359375
4 0.74296875 0.5703125 0.4671875 0.2625
4 0.25625 0.5703125 0.465625 0.2625
4 0.7453125 0.24453125 0.465625 0.26171875
4 0.25625 0.24453125 0.465625 0.26171875
3 0.053125 0.06328125 0.0625 0.034375
4 0.4984375 0.065625 0.25625 0.034375
7 0.890625 0.06328125 0.196875 0.03125