6 0.90078125 0.98671875 0.059375 0.01484375
3 0.90078125 0.9546875 0.0671875 0.0328125
6 0.72265625 0.47734375 0.221875 0.02421875
3 0.93125 0.475 0.0453125 0.0421875
6 0.7578125 0.40234375 0.1546875 0.02421875
3 0.93125 0.39921875 0.071875 0.040625
3 0.93203125 0.321875 0.0703125 0.034375
6 0.72265625 0.32265625 0.2265625 0.01953125
3 0.93203125 0.24609375 0.0890625 0.05
6 0.74609375 0.2484375 0.178125 0.02265625
6 0.8859375 0.13203125 0.1421875 0.02734375
3 0.70078125 0.95625 0.059375 0.03671875
3 0.5015625 0.95625 0.05625 0.0359375
6 0.7015625 0.984375 0.0703125 0.01328125
6 0.49921875 0.98515625 0.0765625 0.0125
3 0.303125 0.9546875 0.053125 0.034375
6 0.30078125 0.984375 0.0828125 0.01328125
3 0.10234375 0.95859375 0.0546875 0.009375
6 0.10078125 0.98515625 0.059375 0.0125