6 0.38671875 0.3921875 0.171875 0.01953125
6 0.8375 0.39375 0.246875 0.02421875
6 0.88046875 0.71875 0.1640625 0.01875
6 0.378125 0.71875 0.1953125 0.01875
4 0.74375 0.8796875 0.465625 0.23828125
4 0.25546875 0.8796875 0.4671875 0.2390625
4 0.25546875 0.565625 0.4671875 0.2625
4 0.74296875 0.565625 0.4640625 0.2625
4 0.25625 0.23984375 0.465625 0.26171875
4 0.74375 0.23984375 0.465625 0.26171875
3 0.94609375 0.0640625 0.0609375 0.03515625
4 0.50078125 0.065625 0.2546875 0.034375
7 0.1109375 0.0625 0.196875 0.03125