6 0.3546875 0.159375 0.2078125 0.01953125
6 0.778125 0.31796875 0.325 0.0203125
6 0.803125 0.23828125 0.271875 0.01953125
6 0.83515625 0.159375 0.209375 0.01953125
6 0.221875 0.0640625 0.2546875 0.01640625
6 0.66328125 0.065625 0.1125 0.02109375
6 0.53515625 0.86015625 0.8515625 0.046875
7 0.50078125 0.9390625 0.94375 0.06796875
3 0.08203125 0.31796875 0.0421875 0.0203125
3 0.94140625 0.065625 0.0359375 0.0203125
2 0.7421875 0.1578125 0.459375 0.06640625
2 0.50078125 0.31796875 0.94375 0.065625
2 0.50078125 0.2375 0.94375 0.06640625
2 0.259375 0.1578125 0.459375 0.06640625