6 0.65546875 0.153125 0.596875 0.06796875
6 0.50078125 0.5109375 0.6984375 0.046875
6 0.875 0.984375 0.078125 0.0125
6 0.625 0.984375 0.171875 0.01328125
6 0.375 0.98515625 0.109375 0.01640625
6 0.12578125 0.984375 0.146875 0.01328125
3 0.1265625 0.9546875 0.05625 0.03125
3 0.3765625 0.9546875 0.0546875 0.0265625
3 0.62578125 0.95546875 0.0578125 0.02890625
3 0.875 0.9546875 0.05625 0.03125
7 0.50078125 0.865625 0.9234375 0.07109375
7 0.50078125 0.775 0.921875 0.0703125
4 0.50078125 0.33984375 0.659375 0.209375
3 0.93203125 0.06953125 0.05 0.0203125