6 0.18828125 0.36484375 0.184375 0.01875
6 0.146875 0.26328125 0.103125 0.01875
6 0.50078125 0.12421875 0.265625 0.046875
6 0.8515625 0.3640625 0.121875 0.01875
6 0.23671875 0.4265625 0.34375 0.0234375
6 0.50078125 0.9640625 0.596875 0.0234375
7 0.49921875 0.62890625 0.815625 0.06171875
7 0.49921875 0.4921875 0.815625 0.06171875
6 0.50078125 0.56171875 0.0546875 0.0171875
2 0.50078125 0.36171875 0.8734375 0.0796875
2 0.49921875 0.26015625 0.8734375 0.07890625
3 0.0640625 0.06640625 0.046875 0.0265625