6 0.25078125 0.28203125 0.1015625 0.01875
6 0.28046875 0.396875 0.1609375 0.02265625
6 0.75 0.15 0.13125 0.0265625
6 0.25 0.15 0.184375 0.02578125
6 0.49921875 0.98515625 0.521875 0.01484375
3 0.1296875 0.2828125 0.04375 0.01953125
3 0.12890625 0.39609375 0.0390625 0.0265625
3 0.8625 0.39609375 0.05625 0.0265625
2 0.5 0.403125 0.825 0.040625
2 0.5 0.29140625 0.825 0.03828125
3 0.06875 0.07109375 0.040625 0.021875
6 0.38125 0.07109375 0.4125 0.01953125
6 0.4984375 0.50234375 0.428125 0.01953125
4 0.49921875 0.8640625 0.9984375 0.21015625