1 0.08515625 0.0390625 0.0796875 0.0328125
1 0.1875 0.03671875 0.0453125 0.0203125
5 0.45546875 0.03671875 0.453125 0.01953125
1 0.80078125 0.03515625 0.05 0.02421875
1 0.92421875 0.03515625 0.0515625 0.02265625
2 0.5703125 0.13203125 0.80625 0.1296875
1 0.9203125 0.2234375 0.06875 0.02890625
5 0.375 0.2765625 0.328125 0.0171875
2 0.17890625 0.27734375 0.03125 0.01953125
2 0.0765625 0.31953125 0.078125 0.05390625
5 0.34765625 0.3078125 0.384375 0.01875
5 0.35078125 0.33125 0.371875 0.02265625
1 0.80234375 0.3671875 0.071875 0.02890625
5 0.50234375 0.41953125 0.21875 0.01875
5 0.50234375 0.4546875 0.25625 0.0125
2 0.08125 0.51015625 0.1046875 0.04921875
5 0.5625 0.534375 0.7921875 0.040625
3 0.55703125 0.58515625 0.784375 0.0453125
0 0.57265625 0.72421875 0.815625 0.2109375
3 0.428125 0.675 0.4484375 0.05
5 0.2546875 0.63359375 0.1046875 0.0140625
5 0.39453125 0.75859375 0.384375 0.09921875
2 0.840625 0.65390625 0.18125 0.0421875
1 0.31875 0.85078125 0.0703125 0.03125
5 0.50390625 0.91640625 0.796875 0.01484375