1 0.9359375 0.02734375 0.0671875 0.0265625
5 0.82734375 0.02890625 0.096875 0.0265625
2 0.7390625 0.02890625 0.0359375 0.02109375
1 0.059375 0.02890625 0.028125 0.02734375
2 0.8390625 0.11875 0.2703125 0.128125
5 0.5671875 0.11875 0.11875 0.04765625
5 0.37265625 0.1171875 0.171875 0.040625
5 0.14453125 0.11796875 0.171875 0.04921875
5 0.61171875 0.23125 0.7109375 0.0921875
3 0.79921875 0.29765625 0.2453125 0.02265625
1 0.94921875 0.29765625 0.0453125 0.021875
5 0.5765625 0.3265625 0.778125 0.015625
5 0.8875 0.43046875 0.1375 0.065625
5 0.7046875 0.42890625 0.1328125 0.0640625
5 0.52109375 0.4296875 0.1390625 0.0609375
5 0.3375 0.43125 0.1328125 0.06484375
2 0.8921875 0.47578125 0.103125 0.0234375
5 0.70390625 0.47421875 0.1703125 0.01484375
5 0.51953125 0.4734375 0.121875 0.015625
5 0.3359375 0.4765625 0.165625 0.02109375
1 0.8734375 0.5265625 0.0640625 0.0296875
1 0.6234375 0.5265625 0.0578125 0.03359375
1 0.37265625 0.5265625 0.046875 0.028125
1 0.12578125 0.52734375 0.0640625 0.03046875
2 0.83203125 0.6328125 0.33125 0.1578125
2 0.49921875 0.63125 0.3265625 0.15625
2 0.1640625 0.63203125 0.328125 0.15625
2 0.83359375 0.78984375 0.3296875 0.15234375
2 0.5 0.78984375 0.328125 0.15625
2 0.1671875 0.78984375 0.3296875 0.15546875
2 0.834375 0.8953125 0.33125 0.05546875
2 0.496875 0.896875 0.334375 0.05703125
2 0.16328125 0.89609375 0.325 0.05703125
1 0.9 0.9515625 0.0671875 0.03515625
1 0.69921875 0.953125 0.0671875 0.03515625
1 0.49921875 0.95078125 0.065625 0.03359375
1 0.3 0.95234375 0.06875 0.0359375
1 0.0984375 0.9546875 0.0703125 0.03828125
1 0.7109375 0.57421875 0.046875 0.02421875
1 0.37578125 0.57578125 0.0484375 0.02578125
1 0.0390625 0.575 0.04375 0.0234375
1 0.709375 0.73125 0.04375 0.02578125
1 0.375 0.7328125 0.0453125 0.02265625
1 0.040625 0.734375 0.046875 0.028125
1 0.7078125 0.88828125 0.04375 0.021875
1 0.040625 0.8890625 0.046875 0.021875