1 0.9171875 0.0390625 0.0484375 0.01953125
1 0.20234375 0.03828125 0.059375 0.02421875
1 0.08125 0.03828125 0.025 0.02890625
1 0.14140625 0.1703125 0.2828125 0.1828125
1 0.1421875 0.36484375 0.284375 0.184375
5 0.87578125 0.63203125 0.1765625 0.01875
2 0.93671875 0.671875 0.05 0.0203125
2 0.93515625 0.75859375 0.0515625 0.02265625
3 0.75703125 0.6734375 0.2484375 0.01875
3 0.75703125 0.75859375 0.2609375 0.015625
5 0.7515625 0.7828125 0.26875 0.01875
5 0.75234375 0.69765625 0.2671875 0.02109375
5 0.15859375 0.67109375 0.10625 0.01953125
5 0.15703125 0.75703125 0.109375 0.0171875
1 0.06328125 0.67109375 0.028125 0.02265625
1 0.0640625 0.7578125 0.0296875 0.02109375
5 0.440625 0.896875 0.7734375 0.0171875
3 0.5984375 0.95 0.446875 0.015625
1 0.928125 0.896875 0.04375 0.02421875
1 0.92734375 0.94921875 0.0484375 0.028125
2 0.6328125 0.2671875 0.65 0.37890625