1 0.91875 0.03828125 0.046875 0.0234375
5 0.5015625 0.03828125 0.3421875 0.01953125
1 0.20546875 0.03671875 0.053125 0.02578125
1 0.0796875 0.03828125 0.0203125 0.028125
1 0.17265625 0.175 0.04375 0.02109375
5 0.4484375 0.25390625 0.821875 0.02421875
1 0.92578125 0.253125 0.0375 0.02578125
5 0.875 0.31171875 0.165625 0.0140625
5 0.1578125 0.35078125 0.1125 0.01875
1 0.06171875 0.35 0.0359375 0.01953125
1 0.06171875 0.434375 0.03125 0.021875
3 0.75 0.35234375 0.2578125 0.01875
3 0.73515625 0.43828125 0.2890625 0.01875
2 0.934375 0.35 0.0515625 0.028125
2 0.9359375 0.43828125 0.0515625 0.02265625
5 0.7515625 0.37734375 0.2640625 0.01484375
5 0.75078125 0.4640625 0.2625 0.01953125
3 0.4984375 0.5234375 0.3734375 0.01875
2 0.865625 0.67421875 0.1 0.04921875
1 0.92890625 0.77578125 0.0421875 0.028125
1 0.9265625 0.84296875 0.053125 0.03046875
5 0.45625 0.765625 0.71875 0.01640625
5 0.6796875 0.7921875 0.275 0.01640625
3 0.42734375 0.84296875 0.7796875 0.01953125
5 0.8171875 0.96328125 0.2890625 0.02265625
1 0.071875 0.9625 0.0515625 0.02265625
5 0.15859375 0.4359375 0.1125 0.01875