1 0.08515625 0.040625 0.0890625 0.03515625
5 0.29921875 0.0390625 0.2703125 0.02578125
1 0.8015625 0.03515625 0.053125 0.02734375
1 0.925 0.03671875 0.05 0.02890625
5 0.56015625 0.1046875 0.7109375 0.0609375
5 0.40703125 0.165625 0.409375 0.02421875
2 0.2296875 0.20625 0.0546875 0.0296875
5 0.4578125 0.2046875 0.371875 0.01953125
5 0.50234375 0.25859375 0.246875 0.01171875
2 0.08515625 0.3140625 0.1015625 0.0359375
5 0.7484375 0.30234375 0.2484375 0.01484375
3 0.47734375 0.359375 0.6234375 0.04375
2 0.228125 0.41640625 0.059375 0.02890625
5 0.45546875 0.4171875 0.359375 0.015625
5 0.53125 0.45703125 0.6625 0.0375
5 0.3015625 0.50859375 0.2046875 0.01875
2 0.5671875 0.69765625 0.715625 0.3390625
2 0.23203125 0.88515625 0.0578125 0.021875
5 0.4578125 0.88671875 0.365625 0.015625
5 0.5015625 0.9140625 0.7921875 0.01875
0 0.5703125 0.6484375 0.8171875 0.4984375
0 0.56953125 0.1453125 0.8140625 0.16015625