1 0.92734375 0.0359375 0.05 0.0234375
5 0.7625 0.0375 0.1078125 0.02109375
5 0.58125 0.09765625 0.5140625 0.01953125
5 0.6953125 0.115625 0.265625 0.01640625
1 0.05 0.10234375 0.0203125 0.02265625
2 0.91796875 0.10703125 0.1046875 0.04453125
5 0.60078125 0.19453125 0.734375 0.103125
5 0.94296875 0.27890625 0.0546875 0.02734375
5 0.82578125 0.2828125 0.0828125 0.02421875
2 0.890625 0.2859375 0.0484375 0.02109375
2 0.7578125 0.28203125 0.0453125 0.028125
3 0.54765625 0.28359375 0.3234375 0.02109375
5 0.684375 0.3328125 0.571875 0.02265625
2 0.371875 0.3328125 0.0546875 0.0203125
3 0.8828125 0.384375 0.1671875 0.0234375
3 0.559375 0.384375 0.440625 0.02109375
2 0.49765625 0.54296875 0.94375 0.25390625
5 0.76328125 0.6890625 0.415625 0.021875
5 0.8125 0.7328125 0.3171875 0.01875
5 0.5578125 0.73203125 0.171875 0.0171875
1 0.09140625 0.6421875 0.065625 0.02734375
5 0.91171875 0.6453125 0.0765625 0.021875
5 0.8875 0.784375 0.1625 0.02109375
5 0.72109375 0.78671875 0.1171875 0.0171875
1 0.89921875 0.83984375 0.0578125 0.021875
1 0.70078125 0.840625 0.05625 0.02421875
1 0.4984375 0.83984375 0.0515625 0.02265625
1 0.2984375 0.8375 0.040625 0.02578125
1 0.1015625 0.8390625 0.0484375 0.021875