1 0.928125 0.03828125 0.04375 0.0171875
1 0.1625 0.03984375 0.0625 0.02890625
1 0.05625 0.0375 0.025 0.028125
2 0.87890625 0.12890625 0.16875 0.08046875
5 0.60234375 0.11875 0.309375 0.028125
5 0.6640625 0.153125 0.1859375 0.0171875
5 0.7765625 0.196875 0.2109375 0.021875
2 0.9234375 0.1984375 0.0375 0.02265625
2 0.93828125 0.23515625 0.0421875 0.0265625
5 0.81015625 0.2375 0.171875 0.02109375
1 0.93828125 0.26953125 0.03125 0.0203125
5 0.884375 0.2703125 0.021875 0.0140625
5 0.78359375 0.2703125 0.165625 0.02109375
5 0.68203125 0.2703125 0.015625 0.009375
5 0.63359375 0.2703125 0.0375 0.015625
5 0.525 0.27265625 0.15625 0.02109375
2 0.93828125 0.3125 0.04375 0.02109375
2 0.85703125 0.31171875 0.0796875 0.03671875
2 0.60859375 0.3734375 0.0359375 0.01953125
5 0.76171875 0.4703125 0.4046875 0.01953125
5 0.92265625 0.5328125 0.0234375 0.01328125
5 0.67421875 0.5328125 0.334375 0.0203125
5 0.921875 0.565625 0.021875 0.009375
5 0.92265625 0.621875 0.0203125 0.01015625
5 0.921875 0.653125 0.015625 0.009375
5 0.45859375 0.56484375 0.7671875 0.015625
5 0.62421875 0.590625 0.5484375 0.01640625
5 0.58828125 0.62265625 0.50625 0.0203125
5 0.68984375 0.65390625 0.3 0.01640625
3 0.2859375 0.65625 0.4890625 0.01640625
2 0.87265625 0.53203125 0.0453125 0.021875
2 0.871875 0.5640625 0.0453125 0.01640625
2 0.87421875 0.621875 0.04375 0.021875
2 0.875 0.653125 0.0484375 0.02578125
1 0.9375 0.7328125 0.0390625 0.02109375
5 0.81875 0.734375 0.140625 0.01875
1 0.721875 0.90234375 0.040625 0.0203125
2 0.6203125 0.9015625 0.028125 0.01484375
5 0.73671875 0.98828125 0.2171875 0.0203125
1 0.91796875 0.9828125 0.0796875 0.034375
5 0.05078125 0.98828125 0.0234375 0.01875