1 0.9125 0.040625 0.084375 0.028125
5 0.6734375 0.0375 0.328125 0.0265625
1 0.19765625 0.0375 0.053125 0.02578125
1 0.07421875 0.0375 0.0546875 0.03046875
5 0.36484375 0.10703125 0.2109375 0.0171875
2 0.9171875 0.1171875 0.1046875 0.05078125
2 0.91953125 0.4328125 0.1140625 0.05546875
2 0.91640625 0.646875 0.1015625 0.0515625
2 0.91640625 0.85859375 0.10625 0.0515625
5 0.74296875 0.14609375 0.109375 0.01328125
3 0.6828125 0.1765625 0.221875 0.0203125
5 0.44453125 0.26796875 0.70625 0.13828125
5 0.51015625 0.365625 0.571875 0.01640625
5 0.6734375 0.4609375 0.2484375 0.0203125
3 0.61328125 0.490625 0.36875 0.01875
5 0.43515625 0.52265625 0.728125 0.0203125
3 0.58359375 0.540625 0.4359375 0.0171875
5 0.48828125 0.5796875 0.6265625 0.01640625
5 0.3578125 0.42265625 0.2109375 0.015625
5 0.3609375 0.6359375 0.2171875 0.0171875
5 0.67265625 0.67421875 0.2484375 0.01484375
3 0.615625 0.7046875 0.3671875 0.02109375
5 0.4703125 0.734375 0.6546875 0.01875
3 0.58203125 0.75546875 0.440625 0.01484375
5 0.48671875 0.79296875 0.6296875 0.01484375
1 0.08046875 0.85390625 0.0890625 0.05234375
0 0.49609375 0.921875 0.934375 0.0703125
2 0.88828125 0.92265625 0.096875 0.05703125
5 0.5640625 0.925 0.51875 0.0421875
1 0.09921875 0.92265625 0.0859375 0.0453125
0 0.428125 0.25703125 0.815625 0.25390625
0 0.43125 0.51953125 0.821875 0.15546875
0 0.428125 0.73359375 0.8109375 0.153125
5 0.3609375 0.84921875 0.2078125 0.0171875