2 0.5 0.1296875 1 0.25625
5 0.159375 0.30546875 0.25 0.02265625
1 0.9375 0.30390625 0.0609375 0.0296875
5 0.36640625 0.35546875 0.671875 0.0203125
5 0.34921875 0.41015625 0.634375 0.02109375
5 0.35390625 0.4671875 0.65625 0.0203125
3 0.25546875 0.3734375 0.4546875 0.01953125
3 0.17109375 0.43046875 0.28125 0.01875
3 0.7796875 0.41015625 0.228125 0.01640625
3 0.21640625 0.48515625 0.375 0.0140625
3 0.796875 0.465625 0.221875 0.015625
5 0.3765625 0.56484375 0.3453125 0.02109375
5 0.36484375 0.58671875 0.31875 0.01640625
2 0.10703125 0.57109375 0.128125 0.06484375
2 0.17578125 0.71640625 0.2859375 0.07734375
2 0.18046875 0.80390625 0.3015625 0.08203125
5 0.25 0.88359375 0.4390625 0.01875
2 0.078125 0.9265625 0.0984375 0.05
2 0.190625 0.92734375 0.0984375 0.04765625
2 0.303125 0.928125 0.0953125 0.04765625
2 0.4140625 0.92734375 0.09375 0.04453125
2 0.52734375 0.92734375 0.0921875 0.046875
2 0.6390625 0.9265625 0.0921875 0.0453125
2 0.753125 0.9265625 0.09375 0.04296875
2 0.8640625 0.92734375 0.0921875 0.046875