1 0.0828125 0.05 0.05 0.0265625
1 0.234375 0.0484375 0.11875 0.0609375
1 0.55625 0.03671875 0.4625 0.02109375
1 0.5 0.065625 0.3328125 0.0203125
2 0.85078125 0.0375 0.0390625 0.01953125
1 0.934375 0.05078125 0.01875 0.02734375
2 0.378125 0.15 0.678125 0.13125
5 0.315625 0.2390625 0.0671875 0.01875
5 0.63515625 0.23984375 0.0625 0.01875
5 0.371875 0.2875 0.6453125 0.06953125
5 0.13828125 0.33671875 0.1828125 0.0171875
5 0.4984375 0.33671875 0.2796875 0.0203125
5 0.1046875 0.3609375 0.1125 0.01640625
3 0.296875 0.33515625 0.115625 0.021875
3 0.4765625 0.23984375 0.23125 0.01875
3 0.16484375 0.2375 0.221875 0.01640625
5 0.14609375 0.409375 0.203125 0.02265625
3 0.45 0.4109375 0.3890625 0.02265625
3 0.359375 0.45859375 0.621875 0.06953125
5 0.596875 0.50859375 0.2109375 0.0171875
2 0.46171875 0.50703125 0.0453125 0.0234375
1 0.7921875 0.49296875 0.090625 0.046875
3 0.37265625 0.55 0.6296875 0.0203125
5 0.440625 0.62578125 0.75625 0.11328125
3 0.40078125 0.76328125 0.6921875 0.09609375
3 0.12734375 0.8328125 0.084375 0.01640625
5 0.4390625 0.88984375 0.7078125 0.0890625
4 0.5015625 0.9671875 0.1765625 0.02421875
1 0.91796875 0.8828125 0.121875 0.07890625