1 0.915625 0.0421875 0.0796875 0.03046875
1 0.8140625 0.03984375 0.0484375 0.01953125
5 0.7265625 0.0421875 0.090625 0.015625
1 0.19609375 0.03984375 0.0421875 0.02421875
1 0.07421875 0.0390625 0.05 0.02265625
3 0.590625 0.11015625 0.4984375 0.07265625
2 0.91484375 0.08203125 0.1109375 0.0265625
0 0.4296875 0.35 0.80625 0.3859375
2 0.76875 0.1734375 0.05 0.02265625
5 0.66171875 0.17421875 0.128125 0.01953125
5 0.440625 0.2359375 0.7140625 0.07890625
5 0.5 0.31875 0.5875 0.04375
5 0.52109375 0.36875 0.5578125 0.01640625
5 0.7546875 0.40390625 0.0859375 0.01953125
5 0.75703125 0.428125 0.071875 0.015625
5 0.728125 0.45703125 0.14375 0.01484375
5 0.77109375 0.48046875 0.0546875 0.01484375
5 0.76953125 0.5203125 0.053125 0.02734375
5 0.53515625 0.52421875 0.38125 0.0203125
5 0.4703125 0.62109375 0.740625 0.06953125
0 0.43046875 0.77890625 0.8078125 0.2265625
2 0.76953125 0.684375 0.053125 0.02578125
5 0.59296875 0.6859375 0.265625 0.01328125
5 0.553125 0.72109375 0.4921875 0.0203125
5 0.759375 0.7578125 0.084375 0.0203125
5 0.7453125 0.78203125 0.1 0.0171875
5 0.73046875 0.8109375 0.140625 0.0125
5 0.76875 0.8359375 0.0578125 0.0125
2 0.76953125 0.875 0.059375 0.02578125
5 0.54140625 0.875 0.3625 0.01328125
5 0.4921875 0.9171875 0.79375 0.0171875