1 0.9125 0.03984375 0.090625 0.0359375
1 0.8109375 0.03828125 0.0484375 0.02734375
5 0.65859375 0.040625 0.24375 0.01875
1 0.2015625 0.0375 0.046875 0.02421875
1 0.07578125 0.03671875 0.0578125 0.02734375
1 0.79296875 0.0953125 0.075 0.034375
3 0.45234375 0.16328125 0.775 0.06875
5 0.7078125 0.22578125 0.19375 0.0125
5 0.771875 0.25078125 0.05 0.01015625
5 0.65546875 0.2515625 0.0484375 0.01171875
5 0.5328125 0.2515625 0.0640625 0.0140625
5 0.39609375 0.25078125 0.071875 0.01328125
2 0.72265625 0.25078125 0.028125 0.01640625
2 0.60546875 0.25078125 0.034375 0.0203125
2 0.475 0.25078125 0.0359375 0.01640625
2 0.3359375 0.2515625 0.0328125 0.0140625
3 0.60625 0.28125 0.378125 0.01875
5 0.4625 0.34296875 0.6703125 0.0734375
5 0.43515625 0.63046875 0.6703125 0.4765625
1 0.08125 0.85703125 0.1015625 0.04921875
5 0.49765625 0.9171875 0.7984375 0.01875
0 0.434375 0.53984375 0.8046875 0.66640625