1 0.071875 0.03828125 0.04375 0.0171875
1 0.8375 0.03984375 0.0625 0.02890625
1 0.94375 0.0375 0.025 0.028125
2 0.12109375 0.12890625 0.16875 0.08046875
5 0.39765625 0.11875 0.309375 0.028125
5 0.3359375 0.153125 0.1859375 0.0171875
5 0.2234375 0.196875 0.2109375 0.021875
2 0.0765625 0.1984375 0.0375 0.02265625
2 0.06171875 0.23515625 0.0421875 0.0265625
5 0.18984375 0.2375 0.171875 0.02109375
1 0.06171875 0.26953125 0.03125 0.0203125
5 0.115625 0.2703125 0.021875 0.0140625
5 0.21640625 0.2703125 0.165625 0.02109375
5 0.31796875 0.2703125 0.015625 0.009375
5 0.36640625 0.2703125 0.0375 0.015625
5 0.475 0.27265625 0.15625 0.02109375
2 0.06171875 0.3125 0.04375 0.02109375
2 0.14296875 0.31171875 0.0796875 0.03671875
2 0.39140625 0.3734375 0.0359375 0.01953125
5 0.23828125 0.4703125 0.4046875 0.01953125
5 0.07734375 0.5328125 0.0234375 0.01328125
5 0.32578125 0.5328125 0.334375 0.0203125
5 0.078125 0.565625 0.021875 0.009375
5 0.07734375 0.621875 0.0203125 0.01015625
5 0.078125 0.653125 0.015625 0.009375
5 0.54140625 0.56484375 0.7671875 0.015625
5 0.37578125 0.590625 0.5484375 0.01640625
5 0.41171875 0.62265625 0.50625 0.0203125
5 0.31015625 0.65390625 0.3 0.01640625
3 0.7140625 0.65625 0.4890625 0.01640625
2 0.12734375 0.53203125 0.0453125 0.021875
2 0.128125 0.5640625 0.0453125 0.01640625
2 0.12578125 0.621875 0.04375 0.021875
2 0.125 0.653125 0.0484375 0.02578125
1 0.0625 0.7328125 0.0390625 0.02109375
5 0.18125 0.734375 0.140625 0.01875
1 0.278125 0.90234375 0.040625 0.0203125
2 0.3796875 0.9015625 0.028125 0.01484375
5 0.26328125 0.98828125 0.2171875 0.0203125
1 0.08046875 0.9828125 0.0796875 0.034375
5 0.94921875 0.98828125 0.0234375 0.01875