1 0.9140625 0.04375 0.0859375 0.03359375
1 0.81171875 0.040625 0.0453125 0.02265625
1 0.196875 0.040625 0.0453125 0.0234375
1 0.0765625 0.040625 0.0546875 0.02421875
5 0.6734375 0.10234375 0.5734375 0.01640625
5 0.49765625 0.14609375 0.1671875 0.01640625
5 0.6515625 0.2125 0.3609375 0.02578125
5 0.44453125 0.3359375 0.803125 0.16796875
5 0.5296875 0.45625 0.6375 0.02578125
5 0.66171875 0.040625 0.2203125 0.02734375
3 0.43671875 0.48125 0.8046875 0.01875
3 0.6453125 0.5046875 0.3859375 0.02265625
5 0.75703125 0.54453125 0.0765625 0.0171875
3 0.446875 0.5828125 0.7125 0.04140625
5 0.4609375 0.64921875 0.6734375 0.0625
0 0.4359375 0.6078125 0.8015625 0.16640625
5 0.4984375 0.72734375 0.159375 0.0171875
0 0.49765625 0.4375 0.9953125 0.52109375
2 0.63984375 0.7953125 0.39375 0.01875
2 0.75078125 0.9 0.1703125 0.01875
2 0.9171875 0.2 0.10625 0.04921875
2 0.91875 0.78203125 0.103125 0.0484375
2 0.91640625 0.8890625 0.1046875 0.04921875
1 0.0796875 0.87421875 0.1046875 0.0453125
5 0.49375 0.87734375 0.246875 0.015625
1 0.91796875 0.946875 0.1 0.05
1 0.796875 0.94609375 0.0953125 0.0484375
1 0.08125 0.9453125 0.09375 0.0453125
1 0.2046875 0.9484375 0.0609375 0.02734375
5 0.49765625 0.83515625 0.1703125 0.015625
5 0.59296875 0.77109375 0.2484375 0.02109375