1 0.08984375 0.04140625 0.0796875 0.034375
1 0.1859375 0.0375 0.04375 0.01953125
1 0.92734375 0.03828125 0.059375 0.028125
5 0.51484375 0.03828125 0.5765625 0.03125
1 0.42734375 0.096875 0.0921875 0.0359375
1 0.93046875 0.09609375 0.090625 0.0359375
2 0.0828125 0.146875 0.1046875 0.04453125
2 0.0828125 0.3203125 0.1015625 0.0515625
2 0.08125 0.39140625 0.1015625 0.0484375
5 0.54140625 0.1375 0.25625 0.015625
5 0.56953125 0.20703125 0.815625 0.1171875
5 0.3328125 0.3296875 0.3515625 0.01875
5 0.56484375 0.453125 0.8015625 0.125
5 0.846875 0.6078125 0.16875 0.0140625
5 0.49140625 0.6328125 0.671875 0.01953125
1 0.91640625 0.87265625 0.09375 0.04765625
3 0.415625 0.71171875 0.4171875 0.04453125
2 0.83828125 0.71328125 0.146875 0.07578125
5 0.428125 0.815625 0.4609375 0.13984375
3 0.53359375 0.559375 0.74375 0.071875
3 0.459375 0.61015625 0.596875 0.0234375
5 0.5375 0.38046875 0.2609375 0.01875
5 0.7296875 0.309375 0.25625 0.01484375
1 0.08125 0.94609375 0.103125 0.0515625
1 0.20546875 0.94765625 0.0984375 0.05
1 0.91796875 0.9484375 0.0515625 0.0265625
0 0.571875 0.77890625 0.8125 0.25625