1 0.0875 0.040625 0.0828125 0.028125
5 0.3265625 0.0375 0.328125 0.0265625
1 0.80234375 0.0375 0.053125 0.02578125
1 0.92578125 0.0375 0.0546875 0.03046875
5 0.63515625 0.10703125 0.2109375 0.0171875
2 0.0828125 0.1171875 0.1046875 0.05078125
2 0.08046875 0.4328125 0.1140625 0.05546875
2 0.08359375 0.646875 0.1015625 0.0515625
2 0.08359375 0.85859375 0.10625 0.0515625
5 0.25703125 0.14609375 0.109375 0.01328125
3 0.3171875 0.1765625 0.221875 0.0203125
5 0.55546875 0.26796875 0.70625 0.13828125
5 0.48984375 0.365625 0.571875 0.01640625
5 0.3265625 0.4609375 0.2484375 0.0203125
3 0.38671875 0.490625 0.36875 0.01875
5 0.56484375 0.52265625 0.728125 0.0203125
3 0.41640625 0.540625 0.4359375 0.0171875
5 0.51171875 0.5796875 0.6265625 0.01640625
5 0.6421875 0.42265625 0.2109375 0.015625
5 0.6390625 0.6359375 0.215625 0.0171875
5 0.32734375 0.67421875 0.2484375 0.01484375
3 0.384375 0.7046875 0.365625 0.02109375
5 0.5296875 0.734375 0.6546875 0.01875
3 0.41796875 0.75546875 0.440625 0.01484375
5 0.51328125 0.79296875 0.6296875 0.01484375
1 0.91953125 0.85390625 0.0890625 0.05234375
0 0.50390625 0.921875 0.934375 0.0703125
2 0.11171875 0.92265625 0.096875 0.05703125
5 0.4359375 0.925 0.5171875 0.0421875
1 0.90078125 0.92265625 0.0859375 0.0453125
0 0.571875 0.25703125 0.815625 0.25390625
0 0.56875 0.51953125 0.821875 0.15546875
0 0.571875 0.73359375 0.8109375 0.153125
5 0.6390625 0.84921875 0.2078125 0.0171875