1 0.9171875 0.05 0.05 0.0265625
1 0.765625 0.0484375 0.11875 0.0609375
1 0.44375 0.03671875 0.4625 0.02109375
1 0.5 0.065625 0.3328125 0.0203125
2 0.14921875 0.0375 0.0390625 0.01953125
1 0.065625 0.05078125 0.01875 0.02734375
2 0.621875 0.15 0.678125 0.13125
5 0.684375 0.2390625 0.0671875 0.01875
5 0.36484375 0.23984375 0.0625 0.01875
5 0.628125 0.2875 0.6453125 0.06953125
5 0.86171875 0.33671875 0.1828125 0.0171875
5 0.5015625 0.33671875 0.2796875 0.0203125
5 0.8953125 0.3609375 0.1125 0.01640625
3 0.703125 0.33515625 0.115625 0.021875
3 0.5234375 0.23984375 0.23125 0.01875
3 0.83515625 0.2375 0.221875 0.01640625
5 0.85390625 0.409375 0.203125 0.02265625
3 0.55 0.4109375 0.3890625 0.02265625
3 0.640625 0.45859375 0.621875 0.06953125
5 0.403125 0.50859375 0.2109375 0.0171875
2 0.53828125 0.50703125 0.0453125 0.0234375
1 0.2078125 0.49296875 0.090625 0.046875
3 0.62734375 0.55 0.6296875 0.0203125
5 0.559375 0.62578125 0.75625 0.11328125
3 0.59921875 0.76328125 0.6921875 0.09609375
3 0.87265625 0.8328125 0.084375 0.01640625
5 0.5609375 0.88984375 0.7078125 0.0890625
4 0.4984375 0.9671875 0.1765625 0.02421875
1 0.08203125 0.8828125 0.121875 0.07890625