1 0.0640625 0.03359375 0.06875 0.028125
5 0.1453125 0.03203125 0.0421875 0.02265625
2 0.21328125 0.0328125 0.0375 0.01953125
2 0.16171875 0.12265625 0.2640625 0.1265625
5 0.43046875 0.121875 0.11875 0.04375
5 0.628125 0.12265625 0.171875 0.04296875
5 0.85546875 0.12421875 0.1703125 0.04765625
5 0.1375 0.19921875 0.20625 0.01953125
5 0.4625 0.22421875 0.859375 0.01640625
5 0.26875 0.2 0.05 0.0203125
5 0.16015625 0.2484375 0.253125 0.0171875
5 0.19140625 0.271875 0.315625 0.01875
5 0.5109375 0.271875 0.203125 0.0203125
2 0.3765625 0.271875 0.053125 0.02109375
3 0.22734375 0.30078125 0.290625 0.02109375
1 0.05234375 0.30078125 0.040625 0.021875
1 0.92421875 0.34765625 0.0796875 0.03671875
2 0.11171875 0.41015625 0.140625 0.06796875
2 0.29765625 0.41015625 0.134375 0.065625
2 0.4796875 0.41015625 0.1359375 0.06796875
2 0.6625 0.409375 0.1359375 0.06484375
2 0.84609375 0.41015625 0.140625 0.065625
2 0.978125 0.409375 0.04375 0.05859375
5 0.11171875 0.453125 0.146875 0.01640625
5 0.2984375 0.45390625 0.165625 0.01875
5 0.48046875 0.4546875 0.1171875 0.01953125
5 0.66328125 0.4546875 0.153125 0.01953125
5 0.8484375 0.453125 0.165625 0.01640625
5 0.97421875 0.4546875 0.0515625 0.01953125
1 0.1265625 0.50390625 0.053125 0.02578125
1 0.37578125 0.5046875 0.0578125 0.0296875
1 0.628125 0.5046875 0.0515625 0.02734375
1 0.87578125 0.50546875 0.0625 0.0296875
2 0.16484375 0.60859375 0.3296875 0.153125
2 0.5 0.61171875 0.33125 0.15546875
2 0.83359375 0.6109375 0.328125 0.153125
1 0.96015625 0.55234375 0.05 0.0265625
1 0.625 0.71015625 0.04375 0.0234375
1 0.29140625 0.71015625 0.04375 0.021875
1 0.290625 0.86484375 0.0421875 0.0234375
1 0.62421875 0.865625 0.0453125 0.02265625
2 0.16640625 0.76640625 0.3328125 0.15546875
2 0.5015625 0.76640625 0.325 0.153125
2 0.83125 0.76640625 0.325 0.159375
2 0.16640625 0.8828125 0.33125 0.07734375
2 0.5 0.8828125 0.3328125 0.07734375
2 0.8359375 0.884375 0.328125 0.07734375
1 0.10078125 0.953125 0.0671875 0.03515625
1 0.3015625 0.95234375 0.0734375 0.03359375
1 0.50078125 0.953125 0.06875 0.03125
1 0.6984375 0.95234375 0.059375 0.0328125
1 0.90078125 0.953125 0.0703125 0.034375
1 0.940625 0.03359375 0.0203125 0.0296875