1 0.9265625 0.0375 0.0609375 0.0265625
1 0.37578125 0.0359375 0.0546875 0.0296875
1 0.25390625 0.03671875 0.059375 0.02578125
1 0.15078125 0.0359375 0.025 0.0296875
2 0.06171875 0.02890625 0.0890625 0.0484375
2 0.91875 0.103125 0.08125 0.040625
5 0.7640625 0.11328125 0.203125 0.01328125
5 0.57578125 0.15546875 0.7734375 0.046875
1 0.91171875 0.20234375 0.0953125 0.02421875
5 0.5109375 0.253125 0.89375 0.03671875
5 0.63984375 0.2984375 0.6390625 0.01875
5 0.64609375 0.33671875 0.6265625 0.0140625
5 0.51484375 0.38515625 0.884375 0.03671875
5 0.5546875 0.4375 0.809375 0.034375
3 0.52734375 0.496875 0.8703125 0.03671875
5 0.56484375 0.553125 0.784375 0.0328125
3 0.5109375 0.609375 0.903125 0.0375
1 0.9328125 0.659375 0.053125 0.02421875
1 0.74609375 0.65859375 0.04375 0.028125
1 0.52265625 0.65859375 0.05625 0.02578125
5 0.4421875 0.659375 0.059375 0.01640625
5 0.8390625 0.66015625 0.0546875 0.01953125
5 0.734375 0.72109375 0.2671875 0.0140625
5 0.5671875 0.71953125 0.0625 0.0171875
2 0.92109375 0.71875 0.0703125 0.0328125
2 0.84140625 0.83359375 0.246875 0.184375