1 0.91484375 0.040625 0.0890625 0.03515625
5 0.70078125 0.0390625 0.2703125 0.02578125
1 0.1984375 0.03515625 0.053125 0.02734375
1 0.075 0.03671875 0.05 0.02890625
5 0.43984375 0.1046875 0.7109375 0.0609375
5 0.59296875 0.165625 0.409375 0.02421875
2 0.7703125 0.20625 0.0546875 0.0296875
5 0.5421875 0.2046875 0.371875 0.01953125
5 0.49765625 0.25859375 0.246875 0.01171875
2 0.91484375 0.3140625 0.1015625 0.0359375
5 0.2515625 0.30234375 0.2484375 0.01484375
3 0.52265625 0.359375 0.6234375 0.04375
2 0.771875 0.41640625 0.059375 0.02890625
5 0.54453125 0.4171875 0.359375 0.015625
5 0.46875 0.45703125 0.6625 0.0375
5 0.6984375 0.50859375 0.2046875 0.01875
2 0.4328125 0.69765625 0.715625 0.3390625
2 0.76796875 0.88515625 0.0578125 0.021875
5 0.5421875 0.88671875 0.365625 0.015625
5 0.4984375 0.9140625 0.7921875 0.01875
0 0.4296875 0.6484375 0.8171875 0.4984375
0 0.43046875 0.1453125 0.8140625 0.16015625