1 0.07265625 0.0359375 0.05 0.0234375
5 0.2375 0.0375 0.1078125 0.02109375
5 0.41875 0.09765625 0.5140625 0.01953125
5 0.3046875 0.115625 0.265625 0.01640625
1 0.95 0.10234375 0.021875 0.02265625
2 0.08203125 0.10703125 0.1046875 0.04453125
5 0.39921875 0.19453125 0.734375 0.103125
5 0.05703125 0.27890625 0.0546875 0.02734375
5 0.17421875 0.2828125 0.0828125 0.02421875
2 0.109375 0.2859375 0.0484375 0.02109375
2 0.2421875 0.28203125 0.0453125 0.028125
3 0.45234375 0.28359375 0.3234375 0.02109375
5 0.315625 0.3328125 0.5703125 0.02265625
2 0.628125 0.3328125 0.0546875 0.0203125
3 0.1171875 0.384375 0.1671875 0.0234375
3 0.440625 0.384375 0.440625 0.02109375
2 0.50234375 0.54296875 0.94375 0.25390625
5 0.23671875 0.6890625 0.415625 0.021875
5 0.1875 0.7328125 0.3171875 0.01875
5 0.4421875 0.73203125 0.171875 0.0171875
1 0.90859375 0.6421875 0.065625 0.02734375
5 0.08828125 0.6453125 0.0765625 0.021875
5 0.1125 0.784375 0.1625 0.02109375
5 0.27890625 0.78671875 0.1171875 0.0171875
1 0.10078125 0.83984375 0.0578125 0.021875
1 0.29921875 0.840625 0.0546875 0.02421875
1 0.5015625 0.83984375 0.053125 0.02265625
1 0.7015625 0.8375 0.040625 0.02578125
1 0.8984375 0.8390625 0.0484375 0.021875